Participant,LABEL,inanimate0,inanimate1,inanimate10,inanimate11,inanimate12,inanimate13,inanimate14,inanimate15,inanimate16,inanimate17,inanimate18,inanimate19,inanimate2,inanimate20,inanimate21,inanimate22,inanimate23,inanimate24,inanimate25,inanimate26,inanimate27,inanimate28,inanimate29,inanimate3,inanimate30,inanimate31,inanimate32,inanimate33,inanimate34,inanimate35,inanimate36,inanimate37,inanimate38,inanimate39,inanimate4,inanimate40,inanimate41,inanimate42,inanimate43,inanimate44,inanimate45,inanimate46,inanimate47,inanimate48,inanimate49,inanimate5,inanimate50,inanimate51,inanimate52,inanimate53,inanimate54,inanimate55,inanimate56,inanimate57,inanimate58,inanimate59,inanimate6,inanimate7,inanimate8,inanimate9
ABP2,inanimate0,0,0.973426315950668,0.944029282402089,1.21096255212285,1.11553077878902,0.924402652397891,1.08510761591312,0.752042370812405,1.14279542273136,0.920190574908729,0.872954141430383,1.01058805614913,1.06047833733783,1.03746787347885,1.08566179816902,1.20640242917435,0.845120406684028,1.11902734262133,1.1047791576191,0.875626381090071,1.10370297889821,1.0294529961389,1.182686085352,0.956730981902819,0.935501919194315,0.951582475507325,0.978148656697537,1.149468827473,1.18952778755053,1.06056144256143,1.01620661574784,1.07795593041295,0.910533327507537,1.15164660799859,0.990346393867141,0.856304396912338,0.865109195267877,0.822548703744981,1.12640502155892,1.18790273543758,0.990596788837782,0.886389131724302,1.06740519944722,1.02370006270703,0.929255978459782,0.717432968714374,0.856422214932987,1.26452848622516,1.20018475565609,0.880896468264178,1.09712901560947,1.08559284007878,0.896118471593593,1.12290158140084,1.12613835686935,1.0104779094567,0.907532629730257,0.968774945807537,0.721446872735073,0.8965392441273
ABP2,inanimate1,0.973426315950668,0,1.15512488443174,1.06722186584338,0.938906777336665,1.09680552992207,0.883402018393772,0.844925422824275,0.991479374049007,0.956444655948369,0.705174592214721,1.07671982420205,1.03691792273149,1.08079464355514,0.986563536986542,1.02045515910845,0.845954668958669,1.11299484213327,1.09484567801694,1.08670565508161,0.890262421785806,0.918386634901945,1.15655369835041,0.767437952359635,0.959726467758399,1.01052177453513,0.971342193321208,0.898943788471666,1.0618503388574,0.880920758983093,1.12920568252134,0.901407241854175,1.04131415109099,0.875262077527407,0.994301537439227,0.971457624746962,1.05820124968305,1.01146018942554,0.953313759331387,1.18315360629966,1.01920276695616,1.11771048088147,1.14871083289112,0.946303531372235,1.07392811082361,0.820025549629157,1.00112554483874,1.2009572930731,1.17482587744849,0.901149158771684,1.01942983348136,0.939820568196178,1.09157038049866,0.803656011399391,1.0393504310366,1.24029737395253,1.14838745918864,1.01429217824533,1.0738018835742,1.17809476005112
ABP2,inanimate10,0.944029282402089,1.15512488443174,0,1.11661694580272,1.13324851839371,1.06372930373908,1.31256062918606,1.08464848977593,1.22807368572903,0.914192937523984,0.936406344175198,1.06213805930634,1.03350235539767,1.05953345911333,0.941933552234006,1.17020931490163,1.06589116327357,1.15697018450607,1.28245509807259,0.921130226918696,1.29721977657608,1.16716767104062,1.11112321107343,1.06623899001679,0.923567706056938,1.03637607285958,0.684782636020857,1.4146659854062,0.900838044449612,1.17321174971142,0.733982574585827,0.970503522510127,1.21815058297452,1.5050051834733,1.40555822208832,0.461929613235573,0.669303294260034,1.04829434966366,1.31470040998698,0.999666480371962,0.785349264456864,0.944734547123845,1.02696873856265,1.49310138725102,0.481003349398195,1.05627535667494,1.01671045587028,0.855923953031034,1.01357790565886,0.892417130316751,0.988956273666909,1.18505639209704,0.782739041660488,1.11680389017698,1.0209333584989,0.774612261226621,0.663924627967712,1.14544301813983,0.820043675338751,0.535584553755858
ABP2,inanimate11,1.21096255212285,1.06722186584338,1.11661694580272,0,0.674693410129369,1.18057521714876,1.02881186315413,1.50918953694232,0.940468108961289,1.52922702376936,1.28767172903232,0.963121637768413,0.774695050105076,1.07980295761772,1.28158523061607,0.159888723373376,1.14824900819173,0.524678857092387,1.04612353106735,1.07070516168132,1.09364448633863,0.703754158640746,0.872384453878074,1.07921843466355,1.32855082448411,1.20285575300657,1.22078197197084,1.29586932414692,0.554888129562879,0.917621198698022,1.28471185269974,0.748190512953257,1.02964677666868,0.790819387040681,0.909026418731307,1.15996482648096,1.22244112853389,1.30230436746711,0.966092386208129,0.57632116412687,1.4032794106665,1.50990393671325,0.85177065238818,1.07365774504691,0.825478298533272,1.43942794386854,1.3456803526588,0.781962667687407,0.575358235301179,1.3879408717496,1.06918322748559,1.00844670768445,1.16925034038531,1.15556937338839,0.80759249418189,1.16987562082369,1.40927213664471,1.34568346682252,1.30559824419672,1.31324023136833
ABP2,inanimate12,1.11553077878902,0.938906777336665,1.13324851839371,0.674693410129369,0,0.798304049566295,0.547206694485814,1.19677946942316,1.01359412015797,1.22438446465123,0.936076696662156,1.02194084550141,1.00291912777457,1.04665728067558,1.11142775071046,0.719404420136301,1.07232891667363,0.90088747777172,1.17482063456034,1.14821238680285,1.08661982774433,0.850609685059435,0.928927655738645,0.942352127983389,1.25107153848843,1.08269426235653,1.18030046511949,1.12266880593347,1.04360711875595,0.995912007250747,1.05539498113537,0.794883547453702,0.976889722337914,0.896675806828414,0.978357706854632,1.05438012357815,1.01643606526224,1.1306598356602,0.904777329193833,0.792039516875864,1.11231474285699,1.20456064335007,0.953906942698205,1.04799635045603,0.941189484490095,1.16868917628688,1.27955759546387,1.0302741166903,1.17076603435329,1.18559752763526,0.959252915354535,1.03848010500286,1.31570799161637,1.04905951861055,0.889245391573357,1.20462601816188,1.21460619709428,1.09832394100288,1.13096112626405,1.10939320004744
ABP2,inanimate13,0.924402652397891,1.09680552992207,1.06372930373908,1.18057521714876,0.798304049566295,0,0.83132158024705,0.857948729422038,1.24530402705998,0.992812965818613,0.905542908934205,1.28511342472278,1.38888020649461,0.81868014365727,0.83460556071681,1.22605637949816,0.944520142173426,1.25192730405702,1.20163030483817,1.13279451580314,1.03138163084801,1.276657833319,0.911582681789144,0.844000594877289,0.871803453715107,0.976343148112077,1.23000108426328,0.940205242615217,1.31388998199728,1.10173375084817,1.00372954800261,1.02139733187337,0.836788930921381,1.23353730952919,0.883305989989087,1.03684334543901,0.789787005846669,0.682541450585805,0.966461957257522,1.19615265539613,0.824079009488994,0.920279514222322,1.12673627046986,0.915634108325711,1.08907841841543,0.81120945706505,0.843170410465455,1.20528964256745,1.20890186485649,0.867366675149464,0.990825013588767,0.951035779467745,0.738865274383334,1.08875307026311,1.14791381361065,0.99652437004552,0.774706821765433,0.805583184514253,0.899211404123002,0.946537534353099
ABP2,inanimate14,1.08510761591312,0.883402018393772,1.31256062918606,1.02881186315413,0.547206694485814,0.83132158024705,0,0.916045827026501,1.0209604591597,0.956208082780473,0.901395995153457,1.09972857907354,1.00720886822006,0.98513263361265,0.953650654960004,1.01966361280484,0.943448207017214,0.974122847572396,1.09839509635499,1.21859198555105,0.925856789086516,0.860368132851273,0.835182830913692,0.935496810117115,1.06663284601053,0.95370899611351,1.19165392581902,0.793126479842816,1.31578194793631,1.01850529583825,1.09161448633664,0.974974175298007,0.957637125663143,0.724343739155875,0.786698561855487,1.2200714808368,1.09857244737211,0.997105696893561,0.827051564738665,1.07629609213113,1.00916140889733,1.07291341425346,1.05750598844196,0.745918716760803,1.29769662650678,0.854012138393304,1.03814811826533,1.10090415884152,1.18359063263564,1.09251709930712,0.87990882195957,0.847920679208185,1.25583309564591,0.839783238633208,1.07113503167161,1.12885785419038,1.1463778856813,0.896235276060183,1.12685475567393,1.15135956582385
ABP2,inanimate15,0.752042370812405,0.844925422824275,1.08464848977593,1.50918953694232,1.19677946942316,0.857948729422038,0.916045827026501,0,0.982952374708326,0.690714317445047,0.865234882122201,1.10226969102317,1.24215884404474,0.826115980791332,0.676891386665467,1.4849606213657,0.737807390805921,1.23037377423658,1.06924011237021,1.00808916059357,0.929378740231335,1.26052880758758,1.0232638400396,0.88563350651207,0.73087131483738,0.85256539689242,0.875569396145872,0.703837520771768,1.3882266741411,0.967057280756487,0.980147417592535,1.25961211155822,0.770110447472368,1.00458955747002,0.982355853346471,1.06228856861103,1.00077428585107,0.831226272618705,0.867811533806963,1.48103897383278,0.802116234912039,0.742549616387667,1.2333492895986,0.855801158812652,1.24276644966118,0.512701473348866,0.772888607788743,1.33345866312959,1.32914591613972,0.886181582252011,1.00333962161317,1.04412106907213,0.875116383271539,0.906127872025403,1.1973427760747,0.99125262182452,0.933988540902291,0.71788335450718,0.788765376885348,0.96908623627232
ABP2,inanimate16,1.14279542273136,0.991479374049007,1.22807368572903,0.940468108961289,1.01359412015797,1.24530402705998,1.0209604591597,0.982952374708326,0,0.907925021470312,1.03509286828344,0.722649450122305,0.719155956314179,0.922904474901024,0.935525475116645,0.920275961146179,1.07554785959926,0.857235928771675,0.715045273399029,1.10006996610674,0.989735596113455,0.773261087843327,1.04517437142477,1.04000714895246,0.95968315237803,1.12426064240919,0.765092172285188,0.8402332682753,0.881237496942932,0.804342980397724,1.15487230730737,1.13289705744772,1.01985069831503,0.652922235358131,1.0939958431833,1.14851027571149,1.34950162856729,1.37168711630006,0.708829571803265,0.764330783795653,1.12367153854441,0.941722873534737,0.884298270086134,1.04571809343439,1.11006919125187,1.08278957694729,1.18812497776472,1.03700263927664,0.872914114166063,1.25751500119784,0.892646657300286,0.98544318302383,1.1257701770883,0.835702271432636,0.778005597329779,1.06878280219655,1.3117360196398,1.09649590648677,1.20133570471415,1.17058389331621
ABP2,inanimate17,0.920190574908729,0.956444655948369,0.914192937523984,1.52922702376936,1.22438446465123,0.992812965818613,0.956208082780473,0.690714317445047,0.907925021470312,0,0.816834232915798,0.972914012272396,0.989113609833388,0.966389217287646,0.776518961652252,1.54051348267426,0.909157486973465,1.29618982172229,0.984634970287938,1.09181940082611,0.958254632477033,1.12847773886403,1.19397561539121,0.994758195685756,0.822488490369256,0.939718244356161,0.777650535496425,0.854136856027167,1.25813615450385,1.02346272234476,0.793506032266748,1.22650531320291,0.979011452217408,1.02717327897827,1.10364322086257,0.967221288995402,0.934113555603205,0.972075555165144,1.06659338393273,1.25012259503773,0.87908772122149,0.792679463774252,1.15024400913677,0.897236836156698,1.21355391257881,0.669047547146981,0.885100481091883,0.992650927868256,1.21688647840906,0.947988908937082,0.809801462701232,0.907559563336633,1.01653914287498,0.729744061430722,0.946128900253364,0.929745006003468,0.817755140626197,0.8141603800502,0.885035818771963,0.92171899034441
ABP2,inanimate18,0.872954141430383,0.705174592214721,0.936406344175198,1.28767172903232,0.936076696662156,0.905542908934205,0.901395995153457,0.865234882122201,1.03509286828344,0.816834232915798,0,1.18520484781912,1.18623594715737,0.96689397167943,0.963177317942561,1.35603011517808,0.974937879706259,1.29936019355022,1.1136982147371,1.03726437860713,0.974628916152376,1.03524899169247,1.13212159282077,0.724502015578374,0.907942677380421,0.915454698089251,0.998526655775321,0.961875388935214,1.19458451941235,0.988893654118942,0.946775911947039,1.11233877958158,1.01247952111809,1.10794727809557,1.0888346173937,0.858893420015153,0.941400781736835,0.936701552075065,1.08767036877876,1.20596357951762,0.74275698337959,0.83115404813305,1.16997664611588,0.990664517643497,1.06343691646629,0.763290779339517,0.969712530790788,1.24392634050147,1.31376830529065,0.810330543942733,0.714902747905389,1.00175822618285,1.00059925379082,0.964012949217517,0.918005461800587,1.14152402243377,0.878655224434175,0.915762254481984,0.89244421106192,0.885654560301588
ABP2,inanimate19,1.01058805614913,1.07671982420205,1.06213805930634,0.963121637768413,1.02194084550141,1.28511342472278,1.09972857907354,1.10226969102317,0.722649450122305,0.972914012272396,1.18520484781912,0,0.693918075383264,1.29748824982799,1.13230071919145,0.951117135100864,0.8545406195459,0.911957819274907,0.84073247847485,0.93938222305427,1.06331998064246,0.824920931735538,1.23676540937039,1.26053301544983,1.01221991023401,1.08236662908688,0.927973317306142,1.06695863364803,0.748658962596762,1.01051110196455,1.02447376191128,1.01578464022476,1.10209354587427,0.924603061988352,1.10299212744363,1.02213502163724,1.06673813462342,1.1062597310155,0.91370941382805,0.849987372662867,1.2055770711807,0.972464173438198,0.891492556538744,1.09232782090114,0.934367822359914,1.23108034203143,1.01336011960842,0.835062363217091,0.961665583593235,1.10226249788518,1.00522696267607,0.977104334916006,1.17349294031774,0.997499381303163,0.876066816106351,0.810947725067058,1.11078536648942,1.16309791086699,0.881317058431198,1.07338087657007
ABP2,inanimate2,1.06047833733783,1.03691792273149,1.03350235539767,0.774695050105076,1.00291912777457,1.38888020649461,1.00720886822006,1.24215884404474,0.719155956314179,0.989113609833388,1.18623594715737,0.693918075383264,0,1.22807518982271,1.21533903066017,0.768824255438654,1.12240249012149,0.72778225245465,0.72921168052454,0.986972095887465,1.13226625568103,0.523308503353219,1.14153835951636,1.22080153025817,1.17695084666113,0.958361388472954,0.904203451321416,1.14291363212402,0.801033099507019,1.03486235855772,1.01954664820723,0.994156618522415,1.03036769670918,0.698620381366111,1.02693282558752,1.0741136986308,1.11681581365532,1.32418085165999,1.02278722206208,0.602702561973504,1.15676431821436,1.15491212521206,0.843460550488087,1.03742002181363,0.952389206959617,1.22600491133075,1.25928904402174,0.848493268508563,0.790818454767785,1.24845379148609,0.961210684442926,0.955128734985494,1.2802190591025,0.862034622740882,0.859472770992704,0.946246046749756,1.28028548742304,1.23335680089133,1.09465666188296,1.07051005731541
ABP2,inanimate20,1.03746787347885,1.08079464355514,1.05953345911333,1.07980295761772,1.04665728067558,0.81868014365727,0.98513263361265,0.826115980791332,0.922904474901024,0.966389217287646,0.96689397167943,1.29748824982799,1.22807518982271,0,0.720473565174008,1.07517951195661,1.19006208011418,1.16295557497172,1.06969375952961,1.12003187473066,0.96554233559992,1.13907604366908,0.858861893997115,0.779385069673279,0.792208662073729,1.07500898077203,0.856873185061386,0.84115306441815,1.10204668653679,0.72990692342259,1.0622654286927,1.1498027513524,0.975766275101815,0.907666608107363,0.982047766683587,1.06472381462767,1.20370367098663,1.15491358441385,0.798363796517809,1.05338032035144,1.04080853654663,0.861056350829605,1.04524631965161,0.973130263219241,1.13400926421002,0.880952814348861,1.0217539479747,1.18353051652693,1.00715239051555,1.12056533558137,0.88658176555235,1.05486909206861,0.810102502630702,0.921711212558819,0.936553618889535,1.06106847599911,0.99449894935242,0.912593896886643,1.20676664748931,1.06377248914424
ABP2,inanimate21,1.08566179816902,0.986563536986542,0.941933552234006,1.28158523061607,1.11142775071046,0.83460556071681,0.953650654960004,0.676891386665467,0.935525475116645,0.776518961652252,0.963177317942561,1.13230071919145,1.21533903066017,0.720473565174008,0,1.32147541804199,0.911548917753349,1.20284122725185,1.11158521561583,1.1411442413282,1.0130832865449,1.21679344804282,0.891379899109929,0.993326572886867,0.678900654214117,1.03561540768182,0.786491803117548,0.860435897530492,1.12390062374754,0.934131345290506,0.949600869982503,1.21597292324287,1.01336003569161,1.07076290457573,1.06132214713309,0.999138109194116,1.10162453158721,1.03838760293401,0.921728222099644,1.17004436625068,0.894468412557147,0.833459213262481,1.16275618054738,0.959023540790772,1.17686857261906,0.80086836383939,0.959584846917062,0.995217547813446,1.11039584945211,1.03048766881604,0.992675930199791,1.02542835933076,0.960267483463814,0.842390278981623,1.01967442293273,0.866913649683825,0.811714077917622,0.848636702572073,1.1041417596833,0.976391031072796
ABP2,inanimate22,1.20640242917435,1.02045515910845,1.17020931490163,0.159888723373376,0.719404420136301,1.22605637949816,1.01966361280484,1.4849606213657,0.920275961146179,1.54051348267426,1.35603011517808,0.951117135100864,0.768824255438654,1.07517951195661,1.32147541804199,0,1.13216095923287,0.477309572836719,1.01505144743302,1.05062817990797,1.06561630141516,0.708938600327518,0.859876134129228,1.07098514207342,1.33838983630182,1.25765203265083,1.17201634627616,1.26903919559317,0.507280377779039,0.882916470490136,1.33189629649535,0.686996284425397,1.07182242045048,0.714502993341059,0.939328453067043,1.13824738184444,1.22790530145711,1.30439162523349,0.926273213799289,0.556637528619451,1.45742810683785,1.50501701232686,0.813457144843612,1.08679344249525,0.813991158011358,1.41230530123323,1.38218165186292,0.783783578186295,0.576041200986411,1.39410571416768,1.18081170947012,0.963795312053304,1.16229161009043,1.14967553861413,0.850707430061059,1.19961846443643,1.44015967306941,1.37406967503869,1.33938272671189,1.35067279514468
ABP2,inanimate23,0.845120406684028,0.845954668958669,1.06589116327357,1.14824900819173,1.07232891667363,0.944520142173426,0.943448207017214,0.737807390805921,1.07554785959926,0.909157486973465,0.974937879706259,0.8545406195459,1.12240249012149,1.19006208011418,0.911548917753349,1.13216095923287,0,1.00813001720141,1.14009495621865,0.969862998075011,1.01801457071986,1.17133319585252,1.0405623943923,1.04972098585167,0.774567441450342,1.05471869153586,1.05125620777878,1.0116030511303,1.06167826494419,1.08793253972749,1.04215955700338,1.0592768101055,0.975540973949176,1.07893796436142,1.01740315242748,0.969926959007068,0.938770687937801,0.769300006146249,0.927939617562911,1.28587865535065,1.07398628453527,1.10122484172018,1.21559068233837,0.986543544772191,1.11787869763928,0.761085219723812,0.79650023406167,0.983824126701744,1.20905154545967,0.878589824941513,1.12232641828828,1.00400006994985,1.03279615954449,1.20372817245251,1.15389233025501,0.878148609843577,1.05976881698082,0.909471777083425,0.977101077237942,1.07421941948915
ABP2,inanimate24,1.11902734262133,1.11299484213327,1.15697018450607,0.524678857092387,0.90088747777172,1.25192730405702,0.974122847572396,1.23037377423658,0.857235928771675,1.29618982172229,1.29936019355022,0.911957819274907,0.72778225245465,1.16295557497172,1.20284122725185,0.477309572836719,1.00813001720141,0,0.8499081705493,0.813756166863572,1.06736679505582,0.722965583039952,0.755244232300417,1.17715065857886,1.25587316125853,1.04081160254867,1.04664030902493,1.11275593968676,0.670233131597985,0.989098689434979,1.30917122064728,0.82972043034983,1.02817196072722,0.754161491525976,0.996540331764051,1.16029387340649,1.14117178471947,1.13129351967281,0.94460991229911,0.778658271033326,1.20994330147227,1.2803766768369,0.897818173238399,1.06321190897127,0.907781953480333,1.18546561640498,1.22160899232634,0.866634364347678,0.711807372351892,1.28757697243105,1.08814270135893,1.01093536220812,1.25008793478111,1.07643004911805,0.929466955034968,1.0386756177219,1.41758026430658,1.11777709396884,1.27841081042983,1.03213728069802
ABP2,inanimate25,1.1047791576191,1.09484567801694,1.28245509807259,1.04612353106735,1.17482063456034,1.20163030483817,1.09839509635499,1.06924011237021,0.715045273399029,0.984634970287938,1.1136982147371,0.84073247847485,0.72921168052454,1.06969375952961,1.11158521561583,1.01505144743302,1.14009495621865,0.8499081705493,0,0.918837020737532,0.906811325938444,0.888652823762888,1.02126289819542,1.11735728888237,0.963230292377955,0.882547750238537,1.08148610541018,0.826471285623398,1.0055594399501,0.970844816248055,0.990352147975288,1.03704126618544,0.905850550236232,0.804678532452832,0.887024649411155,1.26472177523575,1.03407973128816,1.01169370327473,0.999548377846045,0.81921373678206,0.911163843515487,0.794310726777027,0.867047216365957,0.822699519565846,1.21104405819599,1.1537130692027,1.03862306245987,0.944981461254333,0.891332493965586,1.02178205799943,1.04144723339147,0.884321981439103,1.11305580584877,0.960243818039554,0.904281453916993,0.91813273015157,1.09099132158773,0.938056970605356,0.96601559024325,0.983681844844299
ABP2,inanimate26,0.875626381090071,1.08670565508161,0.921130226918696,1.07070516168132,1.14821238680285,1.13279451580314,1.21859198555105,1.00808916059357,1.10006996610674,1.09181940082611,1.03726437860713,0.93938222305427,0.986972095887465,1.12003187473066,1.1411442413282,1.05062817990797,0.969862998075011,0.813756166863572,0.918837020737532,0,1.09566283768058,1.05470175106081,0.938154299554648,1.0383122298979,1.04402341622006,1.05994777436116,1.03400752161202,1.16876559960111,0.886003628054944,1.02281807758059,0.948774741458604,0.956715255423126,1.02054239128872,1.21040944397547,1.16882371286324,0.908648055004336,0.885461164162738,0.680177051719419,1.13588297590859,1.07101447897974,0.930466805051766,1.0191345827843,0.775003917798715,1.0814050651907,0.715676758242959,1.05525916735487,0.875431808135175,0.938399736199365,1.00669655179187,0.696760468900138,1.16747239817501,1.14584111345899,1.06262706983072,1.27452953277036,1.02834764822964,0.946136740389747,1.03025220813231,0.690566620239596,1.02299695867578,0.870517693372556
ABP2,inanimate27,1.10370297889821,0.890262421785806,1.29721977657608,1.09364448633863,1.08661982774433,1.03138163084801,0.925856789086516,0.929378740231335,0.989735596113455,0.958254632477033,0.974628916152376,1.06331998064246,1.13226625568103,0.96554233559992,1.0130832865449,1.06561630141516,1.01801457071986,1.06736679505582,0.906811325938444,1.09566283768058,0,1.12182998629995,1.04640974497732,0.922531283690121,0.968906125567283,0.975958651451854,1.1309641039522,0.646518513303221,1.23474171045736,0.882740831802015,0.996066119255613,0.987352206956879,1.01923682018219,0.848001616551919,0.627663503225159,1.23117738814724,1.24165754388767,0.937847999256766,0.928308833542512,1.11672870984182,1.01492840819104,0.972415666006499,1.08369595542247,0.736026933719032,1.34281937175496,0.895660787155554,0.905499108698813,1.01515307548191,0.963345981844511,0.977410677431905,1.03640294449268,0.94292580475678,1.03782694030881,0.878701213653495,1.11752237376439,1.07551263006331,0.993269038518116,0.943691552907926,1.02293707818135,1.17327368542965
ABP2,inanimate28,1.0294529961389,0.918386634901945,1.16716767104062,0.703754158640746,0.850609685059435,1.276657833319,0.860368132851273,1.26052880758758,0.773261087843327,1.12847773886403,1.03524899169247,0.824920931735538,0.523308503353219,1.13907604366908,1.21679344804282,0.708938600327518,1.17133319585252,0.722965583039952,0.888652823762888,1.05470175106081,1.12182998629995,0,1.09535992826131,1.07466518452299,1.19131846895692,1.07861239763285,0.960460916232876,1.21043351558481,0.761571895384387,0.931473758101515,1.23138209717083,1.01699013184451,1.0370028703709,0.678614554469938,1.079715797881,1.07585933716712,1.19422989630229,1.35080436601227,1.00254525732676,0.663192397796913,1.22737754090342,1.2115996597293,0.873509199824208,1.04522098647789,0.954680172485187,1.21154167626149,1.23653301479339,0.998488562217986,0.799680229009491,1.24920750679473,0.832796466336334,0.916914988447401,1.28423147173468,0.755460778092929,0.75116810273203,0.988385202726909,1.32937879841196,1.22893817880073,1.17049522466052,1.15881871947575
ABP2,inanimate29,1.182686085352,1.15655369835041,1.11112321107343,0.872384453878074,0.928927655738645,0.911582681789144,0.835182830913692,1.0232638400396,1.04517437142477,1.19397561539121,1.13212159282077,1.23676540937039,1.14153835951636,0.858861893997115,0.891379899109929,0.859876134129228,1.0405623943923,0.755244232300417,1.02126289819542,0.938154299554648,1.04640974497732,1.09535992826131,0,1.06594207708706,1.06706874843897,0.979790275394002,0.991032570221097,0.871771715247364,0.979966985016417,1.0209424060157,1.14260743981345,0.949766395544796,1.04412336978173,0.935986320360091,0.944443815117344,1.09589747718593,1.09323761775213,0.933441452863554,0.829705380546055,0.960715576201987,0.899207650079177,0.93973075409252,0.899355594862708,0.939343644907252,1.02955701012009,0.95466629241379,1.04184662076004,1.05860453239046,0.948143578221917,1.09477870364804,1.0295753545801,1.11759337482979,0.944533872355562,1.08880125215066,1.0222908251279,1.07687735551808,1.11250859425624,0.93920540215311,1.27141981405653,0.894634573775219
ABP2,inanimate3,0.956730981902819,0.767437952359635,1.06623899001679,1.07921843466355,0.942352127983389,0.844000594877289,0.935496810117115,0.88563350651207,1.04000714895246,0.994758195685756,0.724502015578374,1.26053301544983,1.22080153025817,0.779385069673279,0.993326572886867,1.07098514207342,1.04972098585167,1.17715065857886,1.11735728888237,1.0383122298979,0.922531283690121,1.07466518452299,1.06594207708706,0,0.891870821999631,1.0305857597151,0.994312656187566,0.943393118449203,1.11728539583453,0.827801648297357,1.18390605999324,0.988205321038573,1.09540130352695,0.954499227164414,0.984815368366697,0.902454518026139,0.98715551497758,0.993804202788745,1.00750622840868,1.17765347707723,0.827438352481054,0.999383052160104,1.03343815057859,0.994787115140797,1.03339614764331,0.803504953455621,0.960662437476695,1.25724078867883,1.08157174087452,0.924040426079427,1.01207553596483,1.00374256093551,0.839093871225485,0.940597195085565,1.06104108246047,1.22345460542588,1.12573564693392,1.00468367779946,0.964944772021325,1.02647272699801
ABP2,inanimate30,0.935501919194315,0.959726467758399,0.923567706056938,1.32855082448411,1.25107153848843,0.871803453715107,1.06663284601053,0.73087131483738,0.95968315237803,0.822488490369256,0.907942677380421,1.01221991023401,1.17695084666113,0.792208662073729,0.678900654214117,1.33838983630182,0.774567441450342,1.25587316125853,0.963230292377955,1.04402341622006,0.968906125567283,1.19131846895692,1.06706874843897,0.891870821999631,0,0.982622567897783,0.768802410929629,0.924185931561591,1.09714228006412,0.823029237350754,1.02503368766556,1.22024417056718,1.10282476417508,1.15405687343135,1.10919933827853,0.953507201046805,1.00342080516422,0.981611536466305,1.0355921259959,1.22887196160823,0.867162390773298,0.740475912738853,1.08381266345349,1.05821002301042,1.1273132407026,0.875250332307482,0.796724240537205,1.04203855649363,1.11891445360852,0.918333692059132,0.969342697161484,1.01130693949361,0.870295017030655,0.961564644248648,1.11219609245769,0.746405981965291,0.800988539474838,0.878372806802535,0.929710261976525,0.843207269809985
ABP2,inanimate31,0.951582475507325,1.01052177453513,1.03637607285958,1.20285575300657,1.08269426235653,0.976343148112077,0.95370899611351,0.85256539689242,1.12426064240919,0.939718244356161,0.915454698089251,1.08236662908688,0.958361388472954,1.07500898077203,1.03561540768182,1.25765203265083,1.05471869153586,1.04081160254867,0.882547750238537,1.05994777436116,0.975958651451854,1.07861239763285,0.979790275394002,1.0305857597151,0.982622567897783,0,0.990452169002596,0.777560224569623,1.22098523163664,1.13565993011689,0.950060401298063,1.07517451978388,0.900777058060718,1.01194120897389,0.840340543151449,1.03481551929359,0.766925958448737,0.906206090713887,1.06162995567867,1.28174430641618,0.715474587950197,0.716072186515833,1.20649955745545,0.882477550020387,1.14919713502734,0.863245622081251,0.793506390955483,1.18928822607911,1.10702227205049,0.893479362370013,0.897159861607957,1.07890158486918,0.951946627043706,1.02228976904746,1.24671145035638,0.977006187087583,0.892888475376922,0.89319100029575,0.762222441395825,0.753988054699213
ABP2,inanimate32,0.978148656697537,0.971342193321208,0.684782636020857,1.22078197197084,1.18030046511949,1.23000108426328,1.19165392581902,0.875569396145872,0.765092172285188,0.777650535496425,0.998526655775321,0.927973317306142,0.904203451321416,0.856873185061386,0.786491803117548,1.17201634627616,1.05125620777878,1.04664030902493,1.08148610541018,1.03400752161202,1.1309641039522,0.960460916232876,0.991032570221097,0.994312656187566,0.768802410929629,0.990452169002596,0,1.05091566019609,0.854872594199546,0.74050100195979,1.00609522743603,1.05300452801377,1.31147681677981,1.02594232466372,1.40673139229197,0.668846912465581,1.05636926714745,1.36632330559126,0.905795991578734,1.00333799086193,0.982209457785223,0.775419167894789,1.02978395758789,1.41671073229993,0.827416692255545,0.871335163265626,1.10811085168091,1.08058457959567,1.03965540418224,1.11508986166597,0.940627840586414,1.16286845325008,0.910944284211093,0.815284417415928,0.986332948559703,0.980311574964994,0.990446539510524,1.182976104608,1.10924242008299,0.715525576797024
ABP2,inanimate33,1.149468827473,0.898943788471666,1.4146659854062,1.29586932414692,1.12266880593347,0.940205242615217,0.793126479842816,0.703837520771768,0.8402332682753,0.854136856027167,0.961875388935214,1.06695863364803,1.14291363212402,0.84115306441815,0.860435897530492,1.26903919559317,1.0116030511303,1.11275593968676,0.826471285623398,1.16876559960111,0.646518513303221,1.21043351558481,0.871771715247364,0.943393118449203,0.924185931561591,0.777560224569623,1.05091566019609,0,1.35198513229633,0.952954777469802,0.982954795770657,1.09771382974655,0.857017957768346,0.664236272519497,0.642853195020212,1.35021607821154,1.18120145427002,0.880387907384247,0.670151929071698,1.24041254762448,0.888805712675379,0.75491595515845,1.06929024971667,0.581626239586488,1.46526783432953,0.744747624707732,0.841285260984497,1.19584709013245,1.14495855648778,0.927926851754635,0.906790797359556,0.98086856040913,0.945628802109378,0.780092459938193,1.20677175135784,1.1287826139718,0.95673400674053,0.723418587279087,1.00694320359488,1.12488485069848
ABP2,inanimate34,1.18952778755053,1.0618503388574,0.900838044449612,0.554888129562879,1.04360711875595,1.31388998199728,1.31578194793631,1.3882266741411,0.881237496942932,1.25813615450385,1.19458451941235,0.748658962596762,0.801033099507019,1.10204668653679,1.12390062374754,0.507280377779038,1.06167826494419,0.670233131597985,1.0055594399501,0.886003628054944,1.23474171045736,0.761571895384387,0.979966985016417,1.11728539583453,1.09714228006412,1.22098523163664,0.854872594199546,1.35198513229633,0,0.823348620702075,1.21226486946557,0.882135720927001,1.2650643019017,0.939930723654862,1.30771400855394,0.937804468037956,0.998003201436828,1.22443226638373,0.977614193282855,0.7119646829079,1.32458396921187,1.2384113446012,0.866667002415616,1.36963864741929,0.687526447254368,1.39253968570838,1.21381222691631,0.730022928644829,0.733146272268966,1.17369242986267,1.04934201662132,0.939839504743999,1.06771149076052,1.11385365936397,0.773516473470466,0.925401013412563,1.17769056307437,1.33072556931503,1.2494716915645,1.10306167825086
ABP2,inanimate35,1.06056144256143,0.880920758983093,1.17321174971142,0.917621198698022,0.995912007250747,1.10173375084817,1.01850529583825,0.967057280756487,0.804342980397724,1.02346272234476,0.988893654118942,1.01051110196455,1.03486235855772,0.72990692342259,0.934131345290506,0.882916470490136,1.08793253972749,0.989098689434979,0.970844816248055,1.02281807758059,0.882740831802015,0.931473758101515,1.0209424060157,0.827801648297357,0.823029237350755,1.13565993011689,0.74050100195979,0.952954777469802,0.823348620702075,0,1.20367666231396,1.00027072856133,1.08259800764315,0.828375865935324,1.1159671057472,1.07694168783595,1.2655762527346,1.28693232357161,0.826801957719054,0.967537459601461,1.26242350815685,1.01489292599337,0.993995051379734,1.13865125315644,1.06705093531552,1.02653590397039,1.10105340674178,1.07105601825618,0.986630269275047,1.16659857227527,0.991254166449233,0.983498490173888,1.03027779573493,0.838108030435372,0.783881806964453,1.15433402627396,1.14756431166558,1.04941503741755,1.19517011906404,1.13435930564423
ABP2,inanimate36,1.01620661574784,1.12920568252134,0.733982574585827,1.28471185269974,1.05539498113537,1.00372954800261,1.09161448633664,0.980147417592535,1.15487230730737,0.793506032266748,0.946775911947039,1.02447376191128,1.01954664820723,1.0622654286927,0.949600869982503,1.33189629649535,1.04215955700338,1.30917122064728,0.990352147975288,0.948774741458604,0.996066119255613,1.23138209717083,1.14260743981345,1.18390605999324,1.02503368766556,0.950060401298063,1.00609522743603,0.982954795770657,1.21226486946557,1.20367666231396,0,1.00385171101239,0.968956022409067,1.22748310957338,0.983854463247876,0.900382526849202,0.844067147262372,0.845953516489915,1.20220853488758,0.89104669375737,0.854600432292324,0.920283435905927,0.996970345374731,0.970907466536564,0.987642654374761,1.01406447160449,0.963918017502633,0.880969362012649,1.16086622354624,0.791185220191623,0.998879516137004,1.03462295273411,1.01339492230523,1.06309131649213,1.01700248855692,0.912826999944448,0.68382582504106,0.845194316626421,0.842179302142473,0.824196087737697
ABP2,inanimate37,1.07795593041295,0.901407241854175,0.970503522510127,0.748190512953257,0.794883547453702,1.02139733187337,0.974974175298007,1.25961211155822,1.13289705744772,1.22650531320291,1.11233877958158,1.01578464022476,0.994156618522415,1.1498027513524,1.21597292324287,0.686996284425397,1.0592768101055,0.82972043034983,1.03704126618544,0.956715255423126,0.987352206956879,1.01699013184451,0.949766395544796,0.988205321038573,1.22024417056718,1.07517451978388,1.05300452801377,1.09771382974655,0.882135720927001,1.00027072856133,1.00385171101239,0,1.1367374183406,1.01198481681355,1.04467648086333,0.913078973877294,0.8406893900531,1.02363038505616,1.05878237344585,0.830895752913613,1.04873514766122,1.21318745086182,0.949195003538927,1.10125223673228,0.774064100885343,1.08060692122321,1.23766941175869,0.900823910852591,0.961644853649802,1.00826735833686,1.20514986906949,1.0484175082659,1.00902122128378,1.11757259496254,0.973588027873804,1.18775341410176,1.08715901030394,1.13894775264826,1.09983755671094,0.991181265470501
ABP2,inanimate38,0.910533327507537,1.04131415109099,1.21815058297452,1.02964677666868,0.976889722337914,0.836788930921381,0.957637125663143,0.770110447472368,1.01985069831503,0.979011452217408,1.01247952111809,1.10209354587427,1.03036769670918,0.975766275101815,1.01336003569161,1.07182242045048,0.975540973949176,1.02817196072722,0.905850550236232,1.02054239128872,1.01923682018219,1.0370028703709,1.04412336978173,1.09540130352695,1.10282476417508,0.900777058060718,1.31147681677981,0.857017957768346,1.2650643019017,1.08259800764315,0.968956022409067,1.1367374183406,0,0.928229568601689,0.866706625569193,1.30762178120349,0.938021656556043,0.871328330129633,0.938008479221561,1.12301132765354,0.982546813432512,1.0273159195995,1.0895825630997,0.78931858204247,1.1910627395279,0.878614494925312,0.936278378925077,1.15812585690947,1.05412556134485,1.01026392819571,0.990890827426251,0.884617930171641,1.03097863884753,1.04080288647461,0.976680946648046,1.05422803523505,1.04934745253904,0.859680908150967,0.864770358878162,1.23116247146282
ABP2,inanimate39,1.15164660799859,0.875262077527407,1.5050051834733,0.790819387040681,0.896675806828414,1.23353730952919,0.724343739155875,1.00458955747002,0.652922235358131,1.02717327897827,1.10794727809557,0.924603061988352,0.698620381366111,0.907666608107363,1.07076290457573,0.714502993341059,1.07893796436142,0.754161491525977,0.804678532452832,1.21040944397547,0.848001616551919,0.678614554469938,0.935986320360091,0.954499227164414,1.15405687343135,1.01194120897389,1.02594232466372,0.664236272519497,0.939930723654862,0.828375865935324,1.22748310957338,1.01198481681355,0.928229568601689,0,0.790518081334306,1.44010393759904,1.35290193318117,1.30957461870812,0.659893365353533,0.865791901192557,1.26433290331922,1.1621993936106,0.921974358647841,0.693732311870316,1.34430768211634,0.94579047890333,1.16166604702469,1.04631625467313,0.880346778120796,1.30159486935912,0.884413623385513,0.875931158868384,1.27199243994697,0.721797291982153,0.987567806676155,1.25188246612223,1.47227003188403,1.10111074992572,1.27953554861614,1.34953827370884
ABP2,inanimate4,0.990346393867141,0.994301537439227,1.40555822208832,0.909026418731307,0.978357706854632,0.883305989989087,0.786698561855487,0.982355853346471,1.0939958431833,1.10364322086257,1.0888346173937,1.10299212744363,1.02693282558752,0.982047766683587,1.06132214713309,0.939328453067043,1.01740315242748,0.996540331764051,0.887024649411155,1.16882371286324,0.627663503225159,1.079715797881,0.944443815117344,0.984815368366697,1.10919933827853,0.840340543151449,1.40673139229197,0.642853195020212,1.30771400855394,1.1159671057472,0.983854463247876,1.04467648086333,0.866706625569193,0.790518081334306,0,1.3818497825743,1.29463659413856,0.793341028977846,0.990153605365099,0.991216262276024,1.01703034443813,0.998035348038266,1.05362770014311,0.411884180489834,1.4688648703289,1.00550030874282,0.916924135481789,1.0554909896293,0.909021243468944,1.02158222207596,1.09145986106838,0.979419981639976,1.0682618634656,1.03165597571505,1.28495592996994,1.07723588894993,0.961333372975978,0.901701818549602,0.917483595590092,1.19888584137983
ABP2,inanimate40,0.856304396912338,0.971457624746962,0.461929613235573,1.15996482648096,1.05438012357815,1.03684334543901,1.2200714808368,1.06228856861102,1.14851027571149,0.967221288995402,0.858893420015153,1.02213502163724,1.0741136986308,1.06472381462767,0.999138109194116,1.13824738184444,0.969926959007068,1.16029387340649,1.26472177523575,0.908648055004336,1.23117738814724,1.07585933716712,1.09589747718593,0.902454518026139,0.953507201046805,1.03481551929359,0.668846912465581,1.35021607821154,0.937804468037956,1.07694168783595,0.900382526849202,0.913078973877294,1.30762178120349,1.44010393759904,1.3818497825743,0,0.792966957977668,0.983779502234941,1.23082876036222,1.00122386121249,0.798683519883289,0.916878184433094,1.00262695676885,1.491346807515,0.432653751313443,1.00874093558005,0.962044687915888,1.00272976792272,1.05044820831994,0.80392055686406,1.1139934217661,1.17180633713777,0.719787345846227,1.07759497470793,1.05981467443198,0.906664470630479,0.825054419115753,1.19227010428294,0.85737681336407,0.673235671238262
ABP2,inanimate41,0.865109195267877,1.05820124968305,0.669303294260034,1.22244112853389,1.01643606526224,0.789787005846669,1.09857244737211,1.00077428585107,1.34950162856729,0.934113555603205,0.941400781736835,1.06673813462342,1.11681581365532,1.20370367098663,1.10162453158721,1.22790530145711,0.938770687937801,1.14117178471947,1.03407973128816,0.885461164162738,1.24165754388767,1.19422989630229,1.09323761775213,0.98715551497758,1.00342080516422,0.766925958448737,1.05636926714745,1.18120145427002,0.998003201436828,1.2655762527346,0.844067147262372,0.8406893900531,0.938021656556043,1.35290193318117,1.29463659413856,0.792966957977668,0,0.685208047263984,1.25075140058827,1.27037911946982,0.757432681731199,0.940134554845893,1.11146298751989,1.20681356414329,0.717431389032046,0.931252503605274,0.851781160094837,0.984626815447341,1.2148504683598,0.72597496519143,1.0741243433031,0.986289075411163,0.889120865733178,1.15375042074311,1.08218162673686,0.900460398532698,0.743395398982683,0.971072635466962,0.715452496744856,0.725480230654406
