Participant,LABEL,inanimate0,inanimate1,inanimate10,inanimate11,inanimate12,inanimate13,inanimate14,inanimate15,inanimate16,inanimate17,inanimate18,inanimate19,inanimate2,inanimate20,inanimate21,inanimate22,inanimate23,inanimate24,inanimate25,inanimate26,inanimate27,inanimate28,inanimate29,inanimate3,inanimate30,inanimate31,inanimate32,inanimate33,inanimate34,inanimate35,inanimate36,inanimate37,inanimate38,inanimate39,inanimate4,inanimate40,inanimate41,inanimate42,inanimate43,inanimate44,inanimate45,inanimate46,inanimate47,inanimate48,inanimate49,inanimate5,inanimate50,inanimate51,inanimate52,inanimate53,inanimate54,inanimate55,inanimate56,inanimate57,inanimate58,inanimate59,inanimate6,inanimate7,inanimate8,inanimate9
ABP2,inanimate0,0,0.977514160782943,0.982770356425582,1.1387102177963,0.995448219585261,0.988861494082857,1.01648171676022,0.835210105463506,1.15324017281201,0.906508218951433,0.902227346396218,1.02239416563051,1.03859994955908,0.924306047558531,1.03385623807525,1.16388890514804,0.967324482500409,1.19199400297916,1.07590593766085,0.932682958695227,0.926975331962124,1.03250906943829,1.15896164462067,1.01373894059637,0.965817586806974,0.946179718400514,1.04520349851708,1.06456246809308,1.22003322327138,0.918164455703593,0.94830283533784,1.02591363559116,0.900392473197956,1.05369627132226,0.918945612141852,0.947895798056513,0.985215755666442,0.86813386405026,1.11780762924604,1.14299692863803,0.967386017232913,0.874884203843953,0.972127145725011,0.973245554088951,0.98681536459374,0.785925942753505,0.886254724669728,1.20943483544377,1.22582144369098,0.923191287119196,1.10035348913435,1.06458292073939,0.957709706601697,1.08671949541302,1.05511308447052,1.12702874830629,0.977540621179475,0.892789882648591,0.801010853130434,0.990251250516682
ABP2,inanimate1,0.977514160782943,0,1.03904797387022,0.966901821488277,1.06171761311691,1.16661050058038,1.04902217229068,0.968582712450011,1.03351546992642,1.02477156737635,0.756006528497829,1.01731049803379,0.904647621077041,1.16588258158985,1.08925879424736,0.906418470911408,0.853465999862148,1.01502457435592,1.06231156647157,0.934893423221781,1.00015953353593,0.848493432859742,1.22787834706149,0.818011583794165,1.06544250209282,1.10606066874186,1.08466127787292,1.06307792371681,0.980731647451878,1.11483924581987,1.03709235549207,0.946795074631591,0.9992602480093,0.931194640110478,0.98072165458611,1.01129554524692,1.00978349818549,0.994476848697501,1.1321076343582,1.00323854414381,1.09504370186805,1.26416907074587,1.10238036573434,0.956145355454287,1.01470436566159,0.880118308037781,1.1080613289641,1.0824117234042,1.02158861285447,0.907693209003942,1.12191635929192,0.979774769457769,1.16097052627026,0.895698458556089,0.973474839920745,1.16801198716903,1.08463248152889,1.05239096163148,1.06944434464076,1.19985526042654
ABP2,inanimate10,0.982770356425582,1.03904797387022,0,1.1396464887439,1.02649354786176,1.09115418643362,1.2363413318741,1.0306263898311,1.14503383940601,0.833624314813168,0.918243736184458,1.02642539580035,1.0542819043089,1.05388806140456,0.834838694813704,1.18053398558186,1.10019540334383,1.17411910328313,1.370806071459,1.00040526410727,1.30607936425581,1.17224008553702,1.04051428324951,1.05449173101477,1.02003743387414,0.907141153847744,0.491132973761789,1.32585125674475,0.982401421938396,1.16671703191069,0.710107555832564,0.902034891329214,1.28307854396905,1.39978708502943,1.42886714547827,0.418269352794416,0.750094491142929,1.13212274480626,1.19363526152213,1.02001004873953,0.794231780303252,0.895981303221154,0.927169719257362,1.49334860010839,0.42465936263259,1.03634192804201,0.982765578358414,0.857197868865573,1.08405116511898,0.858455699445075,1.00013953145704,1.26834113799667,0.765102960573581,1.01993280823027,1.01507889623139,0.960375751973223,0.779789292301423,1.06578594344345,0.925727616158146,0.534338208443269
ABP2,inanimate11,1.1387102177963,0.966901821488277,1.1396464887439,0,0.675667619598547,1.26294508437652,1.05072122341999,1.46694701545631,0.794074185055721,1.56889399561651,1.32295631401059,0.875087668256526,0.549726524053989,1.04957666439211,1.42990872300552,0.142261675142828,1.01940619906496,0.401022464352369,0.883589879698492,1.13021093984055,1.22215149034659,0.516989442324098,0.992367185992146,1.10062659528312,1.22028843483276,1.24903068131747,1.28104916368719,1.368426543043,0.471130266496585,0.909485627840683,1.38345434887908,0.853538698611867,0.996972960001135,0.664774065171375,1.08411828813442,1.2297568080408,1.19654761905181,1.51013832220063,0.981778111288055,0.450451891478423,1.54625336748738,1.59546022641249,0.91310214751752,1.13514466561103,0.828260843223527,1.48608656646162,1.51419099108548,0.775658628055877,0.553727280674392,1.48709786279775,1.09191850409369,1.0047383705428,1.31415531446081,1.08997322665554,0.72096515003832,1.10212809235862,1.55055742039255,1.50176315990016,1.34907997938327,1.36745357183514
ABP2,inanimate12,0.995448219585261,1.06171761311691,1.02649354786176,0.675667619598547,0,0.834826808674763,0.598301087227082,1.18155134246423,0.94340482577686,1.23250380383853,1.06733348829658,0.948483048611554,0.848652561068991,1.0713187966754,1.13902870892979,0.729037624341592,1.14093417314476,0.842916959266811,1.05894430085565,1.11013899477986,1.17534153351053,0.830909320240095,0.965866286227917,1.02585062906047,1.18423083518339,1.07713468603494,1.10907742913645,1.20489812851228,1.05886703666664,0.962257369614006,1.04133303637942,0.826416751981176,1.06180914449891,0.92315431059474,1.06287417143913,1.04971561983083,0.96832767565168,1.21184995940503,0.973214332454295,0.694057813797263,1.1445068539546,1.15645676255839,0.893514930175505,1.11234619961391,0.862578263000972,1.25466586742735,1.23367239835613,0.913973416718616,1.12209202495163,1.19378210749088,1.06572941318605,1.14678042983859,1.33904929932731,1.02554164145867,0.916876165881314,1.06958417697815,1.16131462084039,1.1886215146025,1.03430379772967,1.04310594951541
ABP2,inanimate13,0.988861494082857,1.16661050058038,1.09115418643362,1.26294508437652,0.834826808674763,0,0.810953391410735,0.879700112215508,1.19466336308155,0.931267679357219,0.969030508406212,1.28957327069542,1.37873192484863,0.77755089244254,0.830883878974131,1.2710451564999,1.12145609001236,1.25490322326842,1.08208843342484,1.12148599028102,0.936503076931702,1.31103283779682,0.875104037638743,0.824574401571535,0.830825316375904,0.871391695332157,1.07065162095834,0.754631363794091,1.24089132920039,1.01516884290935,0.965438541245331,0.938399115690549,0.910650495727518,1.15376560044925,0.839082070555149,1.04422375650351,0.813394381360851,0.651003181620709,0.883770230763899,1.23720669121079,0.746223835742668,0.767031649555449,1.03436488134424,0.930046522708293,1.13246178221607,0.841800675782541,0.735291181990665,1.19036469493034,1.23406751669862,0.816931902224205,0.995930093352519,0.946669870278033,0.730562685731935,1.05662604103309,1.22586047158571,0.977544699568343,0.727176824294935,0.771427398994648,0.848889654664182,0.911584462070808
ABP2,inanimate14,1.01648171676022,1.04902217229068,1.2363413318741,1.05072122341999,0.598301087227082,0.810953391410735,0,0.920892673326645,1.02404378186504,0.88869259216304,0.966342755943731,1.05552256219045,1.06086866600061,0.99486802412112,0.964821173524239,1.05156751366245,0.98672034133849,0.947012556735024,1.11097155246867,1.08883990825151,0.983854494573062,0.931776070008532,0.952471437722023,0.939545068856007,1.02543521812965,1.04973141630251,1.16082253788005,0.884102529001349,1.28890159539374,0.968077689201104,1.04938556060944,1.00660829931685,0.937556036088545,0.893663651694561,0.854367562769892,1.22637615031051,1.04231785998218,0.922486474154906,0.893603752628379,1.07225381590006,1.03717880933644,1.02989672826015,1.10647195766474,0.772414167140844,1.27370928749655,0.885922709124961,1.01748212288212,1.05732762765193,1.14936456380168,1.04002150784831,0.914789044776747,0.887235648060726,1.19365387693333,0.922105387920164,1.08566530970907,0.986667350663294,1.01680232166502,0.87474909320331,0.945943608564629,1.08928602331455
ABP2,inanimate15,0.835210105463505,0.968582712450011,1.0306263898311,1.46694701545631,1.18155134246423,0.879700112215508,0.920892673326645,0,1.00822228829795,0.699706981482731,0.806866861738373,1.12166399577784,1.32139135354023,0.815312232378062,0.673545884851998,1.45947929175151,0.775229955477734,1.2238257893553,1.15362632518046,0.993455875948272,0.90758204366694,1.29716303842996,0.971668721765565,0.83408554697515,0.745673912729826,0.901440078973594,0.859174026677424,0.714845989893328,1.4682235400727,0.91142600066345,1.00515728987675,1.29154860773521,0.76837751851907,1.10397280734063,0.94188779464565,0.938179839492434,1.07887069396639,0.803607967934789,0.926741967948914,1.46097873003766,0.753488283646979,0.723511971480449,1.24471591487755,0.838757269506285,1.24816673087744,0.573363602681505,0.725035309566763,1.24318782946653,1.33561671716933,0.899018961573032,1.01247706061745,1.06199614818716,0.837971371579722,0.978928232955917,1.19799643463999,0.89370873682712,0.88083645962183,0.651999745880031,0.636056685638775,0.893235281654131
ABP2,inanimate16,1.15324017281201,1.03351546992642,1.14503383940601,0.794074185055721,0.94340482577686,1.19466336308155,1.02404378186504,1.00822228829795,0,1.09377176947585,1.08104128281811,0.72321277728933,0.705079398654844,0.964191626138381,1.10560347881963,0.807458879071708,0.836206246251592,0.727297104645829,0.860380519892111,1.05466004937374,1.17246572113981,0.773085291490761,1.02935914335087,1.06494754308291,0.997728230303421,1.26473801125604,0.906116234581573,0.987086636234982,0.856755198419992,0.87623552681355,1.18143141707219,1.13164105474779,1.02784729650479,0.784547992185454,1.18049399909696,1.05941783934976,1.27806739212101,1.35822049185435,0.781644619150582,0.750714638808059,1.22501436898748,1.18600572429664,1.00519044738779,1.11245848426906,1.02759312597789,1.13470350743219,1.25749872106237,0.967325377817581,0.860850490481435,1.28188056062527,0.938224064949838,1.04086945229078,1.20362304767809,0.974370925718128,0.771206212410383,0.973341891152286,1.30609493124112,1.1627977986514,1.20916008584177,1.1535393941247
ABP2,inanimate17,0.906508218951433,1.02477156737635,0.833624314813168,1.56889399561651,1.23250380383853,0.931267679357219,0.88869259216304,0.699706981482731,1.09377176947585,0,0.772832142564511,1.06774749264574,1.16679400652541,0.993452901394563,0.714605043544183,1.5836446369771,0.971216675141476,1.37442609683441,1.1133581358347,0.979660422375977,0.90921256636903,1.30082271718746,1.05548423172888,1.0240680001078,0.886762664114436,0.943298407148311,0.708891381149691,0.847429992927614,1.3574304219103,1.04788241019635,0.696932853924554,1.07961413530252,1.01990679121045,1.14999806724378,1.00861225377655,0.882048592057446,0.847035927626279,0.760611537932726,1.11525806328173,1.31743129747915,0.748834628990562,0.695760635911072,1.10484806272011,0.887623437609008,1.15164033007637,0.610991697864501,0.74629029982606,0.988637353654671,1.23849622714455,0.814224188212643,0.85316621068079,1.01035077031416,0.856996676811437,0.784097628053974,1.09681878396997,0.975734357775251,0.653953053284176,0.684658046677541,0.872444280446096,0.74030413757985
ABP2,inanimate18,0.902227346396218,0.756006528497829,0.918243736184458,1.32295631401059,1.06733348829658,0.969030508406212,0.966342755943731,0.806866861738373,1.08104128281811,0.772832142564511,0,1.17905741534745,1.19534309030987,0.93871323107858,0.934450559850331,1.32811873641043,0.969958454240902,1.29371510745744,1.13896867240402,0.923626908284985,0.976167030041532,1.11035129450527,1.09403424284032,0.719589429563592,1.01730249997014,1.01582449909632,0.965752708097237,0.932622855669277,1.27098118922783,0.964340771442874,0.891481639133592,1.06986759876043,0.957120394714835,1.11466475436545,1.01630328920021,0.823401225460289,0.970671531914039,0.864476975008955,1.12492568264518,1.1649750893033,0.764397667578686,0.914991914508212,1.11536173287334,0.956187085183563,1.02241053630295,0.721570604328228,0.934571571809168,1.17826102260587,1.2635407754314,0.801871219175704,0.834133748391205,0.981884919331535,0.951923090500543,0.986269795323297,0.907724414044031,1.20954798407133,0.855050392095027,0.873117091478454,0.817026147434032,0.873818330972222
ABP2,inanimate19,1.02239416563051,1.01731049803379,1.02642539580035,0.875087668256526,0.948483048611554,1.28957327069542,1.05552256219045,1.12166399577784,0.72321277728933,1.06774749264574,1.17905741534745,0,0.603570774291875,1.24369568355129,1.16642253888666,0.900342175402034,0.827418132045114,0.889202642605981,0.862307747393899,0.902334737673349,1.09321472791982,0.791539265610302,1.272354947171,1.31538434997855,1.03467751857554,1.07834693745888,0.938131690088227,1.15706528337359,0.793556290770242,1.05070964465006,0.964700300963155,1.07348223448607,1.12407295002242,0.915206504271227,1.06485324855506,1.08764585659924,1.08130844131991,1.22770921915165,0.90738994875949,0.820206609878011,1.26452344724839,1.0879205508177,0.955823503454195,1.04653029386577,0.969637824916751,1.16995526180903,1.12352553995652,0.866905426512422,0.973531013214857,1.13883966914755,0.950795411836229,1.03275588230219,1.28817343245566,0.928528834658894,0.883083368932408,0.876017882860744,1.16978305532552,1.09870271308644,1.07323982179428,1.12198572267737
ABP2,inanimate2,1.03859994955908,0.904647621077041,1.0542819043089,0.549726524053989,0.848652561068991,1.37873192484863,1.06086866600061,1.32139135354023,0.705079398654844,1.16679400652541,1.19534309030987,0.603570774291875,0,1.2284458017805,1.33582839425224,0.56380759677746,0.976768488873041,0.613276582910159,0.824482833264176,0.904634375817333,1.24005799023611,0.501294349733615,1.18698319644855,1.18733929415022,1.13691805649513,1.14985618654144,0.940966068071047,1.34809837500838,0.631135254716055,1.05666544996522,1.11552661184832,0.933944910475546,1.07530295521925,0.675177918532348,1.13403434478494,1.08682047763037,1.09632140358259,1.42440743111377,1.04606112172545,0.48063895469317,1.39950748027278,1.41428571174857,0.918556570183718,1.12673925407609,0.857000645595684,1.24726364329439,1.44804634326051,0.851749834192386,0.770724265566796,1.30698161816755,0.968192019926802,0.987374517489396,1.39343519388784,0.893141856353436,0.801131716494881,1.03216473767998,1.41005698369473,1.35224173124692,1.2751943126977,1.21368558751085
ABP2,inanimate20,0.924306047558531,1.16588258158985,1.05388806140456,1.04957666439211,1.0713187966754,0.77755089244254,0.99486802412112,0.815312232378062,0.964191626138381,0.993452901394563,0.93871323107858,1.24369568355129,1.2284458017805,0,0.885053042986577,1.06162749891788,1.04942583286897,1.09708300978693,1.17364818776877,1.11575663535285,0.986216224117042,1.14739595066368,0.910314928873648,0.680521980470447,0.752881777556325,1.09299720594806,0.951573775180768,0.897332026070521,1.10032533953091,0.728183523436423,1.13237539827012,1.1638065537682,0.974730091106202,0.994469355716529,1.03007637809614,0.908508537447252,1.21539415723447,1.05329679353861,0.94203692803148,1.05126495096561,0.92887952675798,0.91015337311141,1.06384088660069,1.05023166075627,1.04857661687425,0.934266697447239,1.00458123060071,1.1441596371797,1.0886219577136,1.10469123036005,0.993485059649217,1.1122267722024,0.750530196279965,1.09553220266885,0.945092885696911,0.981683895960304,1.03409372488437,0.971386408813952,1.00265629969966,0.934072224269382
ABP2,inanimate21,1.03385623807525,1.08925879424736,0.834838694813704,1.42990872300552,1.13902870892979,0.830883878974131,0.964821173524239,0.673545884851998,1.10560347881963,0.714605043544183,0.934450559850331,1.16642253888666,1.33582839425224,0.885053042986577,0,1.44544062700119,0.936891306171619,1.34813669959167,1.15683956812595,1.0561430521014,0.924843011008469,1.39315609147835,0.970063931083658,0.963669097243676,0.732163367362045,0.916160262236876,0.798329020818728,0.796008767530687,1.24999920999325,1.04869467804803,0.751543074025188,1.17811996638027,1.02794816754004,1.17961885286501,0.997538093858911,0.884021296346349,0.966364148459369,0.781550097931771,1.00039783965427,1.34015923500628,0.727427569769285,0.693341365242876,1.0881281403903,0.907299667072358,1.10306659639858,0.792445341669981,0.764138976037684,0.91013285597557,1.17365886765515,0.806367214664591,0.963967681168443,1.08167960756619,0.857496720039038,0.932164337215516,1.2058784896516,0.83288049561185,0.67925581809453,0.720757730159287,0.857540536564036,0.79973587830292
ABP2,inanimate22,1.16388890514804,0.906418470911408,1.18053398558186,0.142261675142828,0.729037624341592,1.2710451564999,1.05156751366245,1.45947929175151,0.807458879071708,1.5836446369771,1.32811873641043,0.900342175402034,0.56380759677746,1.06162749891788,1.44544062700119,0,0.993513451044435,0.40440236347126,0.824644304826988,1.0979111416591,1.21351991533741,0.508444862054421,1.02141226946531,1.08402915104839,1.20481266901031,1.3314133400137,1.31524286630113,1.36264550120169,0.416775126018524,0.920969760880943,1.37466448341387,0.845915037235999,0.988202230941158,0.63989662608348,1.09556483590552,1.24604895519047,1.20233738259714,1.497293302231,1.00256731972146,0.431925256455679,1.56445693841241,1.64920636253312,0.938930233393178,1.11643266517836,0.85337324645485,1.49672287305669,1.55565294278187,0.781134924893037,0.548152224867711,1.47717075170234,1.16530338064762,0.927802484812394,1.31495961195424,1.12575872686402,0.69238959551781,1.09459664341807,1.53943279819757,1.51581684011236,1.36595490727935,1.44094673116263
ABP2,inanimate23,0.967324482500409,0.853465999862147,1.10019540334383,1.01940619906496,1.14093417314476,1.12145609001236,0.98672034133849,0.775229955477734,0.836206246251592,0.971216675141476,0.969958454240902,0.827418132045114,0.976768488873041,1.04942583286897,0.936891306171619,0.993513451044435,0,0.925302252423023,1.06180119956829,0.982003470164575,1.05135227439878,0.985479105892142,1.08381798866467,1.04164763235155,0.756696761460806,1.12240270936928,1.05081813958597,1.02226423567703,0.992877012462166,1.00207273548903,1.07917031268679,1.25238474070601,0.948158634071519,1.02873146659744,1.03056067975737,1.04880739926971,1.12975503726075,0.995628586239812,0.992048880201177,1.12561227276245,1.17759948532673,1.18897459258677,1.18262440418793,0.970033306001815,1.14962944293665,0.889716480505636,0.978404382386388,0.980432808142749,1.02387539610373,1.10630707520601,0.997837401216938,1.01755582482186,1.10563170747683,1.12461467983561,0.973978678380779,0.812190474897197,1.19995958827643,0.899156519805124,1.12826035647747,1.18876765970154
ABP2,inanimate24,1.19199400297916,1.01502457435592,1.17411910328313,0.401022464352369,0.842916959266811,1.25490322326842,0.947012556735024,1.2238257893553,0.727297104645829,1.37442609683441,1.29371510745744,0.889202642605981,0.613276582910159,1.09708300978693,1.34813669959167,0.40440236347126,0.925302252423023,0,0.847161015754155,0.946208748693662,1.17031549738313,0.56026610445157,0.901392245407899,1.12539937118678,1.13762676245982,1.13233322406687,1.14861723887809,1.23375109618232,0.595380029064672,0.944865248164473,1.44889257943313,0.945121970842963,0.956193317633777,0.772260572052917,1.12642684201889,1.2490877861601,1.15190409191797,1.34776628173672,0.967607446725201,0.691372539940325,1.40070959040018,1.47310298593028,1.04700414873023,1.11443475801173,0.934588072900304,1.30217642541397,1.39164839879588,0.889347630044697,0.594390162396687,1.39016506409018,1.02608751657393,0.907541389143374,1.28894745596273,1.03672912295739,0.75808579957998,0.965818353312718,1.4761276274417,1.2883471282168,1.33864761724136,1.24013469060834
ABP2,inanimate25,1.07590593766085,1.06231156647157,1.370806071459,0.883589879698492,1.05894430085565,1.08208843342484,1.11097155246867,1.15362632518046,0.860380519892111,1.1133581358347,1.13896867240402,0.862307747393899,0.824482833264176,1.17364818776877,1.15683956812595,0.824644304826988,1.06180119956829,0.847161015754155,0,0.94875744721272,0.868708687489388,0.91501560010212,1.00027950301129,1.17710572471627,1.02273787747049,0.970653922395157,1.30730098301298,0.939899935557675,0.862703217913096,0.978526754706165,1.03391821706952,0.918752399743281,0.872048655631274,0.769218144243505,0.822329773754761,1.35598585415179,0.917278634529619,0.957352984761004,0.997179180815793,0.816488997639576,1.02249880218959,0.990814795636984,0.906550604151759,0.767314107653619,1.25028855295913,1.16641615091622,1.08624201899885,0.962525646749853,0.862620026642036,1.0385087609393,1.07331170189353,0.754809879391172,1.16475070457815,0.99475864918626,0.843608052515105,0.986049079925812,1.1238867187819,1.02146623127871,1.08531017867298,1.17438780205716
ABP2,inanimate26,0.932682958695227,0.934893423221781,1.00040526410727,1.13021093984055,1.11013899477986,1.12148599028102,1.08883990825151,0.993455875948272,1.05466004937374,0.979660422375977,0.923626908284985,0.902334737673349,0.904634375817333,1.11575663535285,1.0561430521014,1.0979111416591,0.982003470164575,0.946208748693662,0.94875744721272,0,1.04860745826016,1.02179220168691,1.04713687617388,0.98593556844778,1.04584115801488,0.962649424478738,1.02959197366832,1.1033381153868,1.00758414247315,1.06836323720218,0.915549020591755,1.05431199739601,1.03859259950852,1.13909235905763,1.06183896533317,0.988067917777444,0.967666636606607,0.750264573093632,1.14134252118397,1.12060006982221,0.92827551321982,1.0339770441807,0.720427117352227,0.98523734389663,0.819066407460485,1.03594605453079,0.875543912663475,1.00394546468778,1.0209391463203,0.730506572260579,1.04392160060926,1.07771983691157,1.08488535326116,1.10979973113726,1.02965498959742,1.03700718986655,1.07187836309647,0.663950114759704,1.06955083517886,0.944824325871561
ABP2,inanimate27,0.926975331962124,1.00015953353593,1.30607936425581,1.22215149034659,1.17534153351053,0.936503076931702,0.983854494573062,0.90758204366694,1.17246572113981,0.90921256636903,0.976167030041532,1.09321472791982,1.24005799023611,0.986216224117042,0.924843011008469,1.21351991533741,1.05135227439878,1.17031549738313,0.868708687489388,1.04860745826016,0,1.22531969577492,0.924217523978328,0.96359326862768,1.02809119934674,0.856326944246935,1.20436971389676,0.596273596777643,1.27793249218876,0.997663845969077,0.920545409403286,0.996008364578464,0.979039700956467,0.92622694266845,0.474653124944567,1.18203659571525,1.16555023380178,0.718484594985677,0.980147385453148,1.25516800949655,0.80773866199464,0.759396285218674,1.05532680036016,0.575452923316223,1.37872247402435,0.806743526694687,0.768496880484147,1.13298013855644,1.08162730719609,0.860621210425562,1.03737600873795,0.949011102372053,0.922274179175306,0.993539388959906,1.23257645062404,1.06343021440939,0.834113469530555,0.835737168726818,0.844453727219601,1.05468791617231
ABP2,inanimate28,1.03250906943829,0.848493432859742,1.17224008553702,0.516989442324098,0.830909320240095,1.31103283779682,0.931776070008532,1.29716303842996,0.773085291490761,1.30082271718746,1.11035129450527,0.791539265610302,0.501294349733615,1.14739595066368,1.39315609147835,0.508444862054421,0.985479105892142,0.56026610445157,0.91501560010212,1.02179220168691,1.22531969577492,0,1.12504150389916,1.11162087354268,1.24724776748694,1.24636560291096,1.084889341924,1.36311007980245,0.626336686479935,0.921400186846719,1.32378308269036,1.00312798652726,1.00938448380939,0.69951624185465,1.18826473931629,1.15224579408278,1.20613823216242,1.41299274965427,0.924428170242678,0.572636389310194,1.4916220287487,1.44985626731351,0.993621769184336,1.10200725237549,0.897357535775518,1.26537117219266,1.42855266272109,0.99198587084084,0.689323312868226,1.32298210186472,0.877660585160368,0.904725905020031,1.32915592173987,0.805694551005982,0.694322565452035,1.01659042906955,1.44957708252754,1.40585003742435,1.28626317101172,1.32008198968708
ABP2,inanimate29,1.15896164462067,1.22787834706149,1.04051428324951,0.992367185992146,0.965866286227917,0.875104037638743,0.952471437722023,0.971668721765565,1.02935914335087,1.05548423172888,1.09403424284032,1.272354947171,1.18698319644855,0.910314928873648,0.970063931083658,1.02141226946531,1.08381798866467,0.901392245407899,1.00027950301129,1.04713687617388,0.924217523978328,1.12504150389916,0,0.970245402564699,1.01050968475031,0.898077911073706,0.98530054165489,0.835529424135802,1.03754650513178,1.01976507699323,1.08474023624624,0.971553007857612,1.03003881310748,1.03957086791825,0.963124363891088,0.979452421694925,0.959968683707306,0.904637674992831,0.933556111029724,1.05418897437288,0.744719342911238,0.824712140010444,0.917871127099993,0.989861023554863,1.02173161940872,1.02107912018561,0.955491900467856,1.03794999809541,0.978981543848451,1.05667041781386,0.987469963877982,1.01454014083908,0.842715316779787,1.07367610360516,1.02257340716346,0.944741895760557,0.982066040845276,0.978497106515827,1.09396554699325,0.813520717574117
ABP2,inanimate3,1.01373894059637,0.818011583794165,1.05449173101477,1.10062659528312,1.02585062906047,0.824574401571535,0.939545068856007,0.83408554697515,1.06494754308291,1.0240680001078,0.719589429563592,1.31538434997855,1.18733929415022,0.680521980470447,0.963669097243676,1.08402915104839,1.04164763235155,1.12539937118678,1.17710572471627,0.98593556844778,0.96359326862768,1.11162087354268,0.970245402564699,0,0.850803856956929,1.01523026176271,0.992263669098851,0.926917754583134,1.13226200809933,0.893857043473476,1.1243037393547,1.03067068727134,1.02512880489462,1.01185081680588,0.970000932693181,0.847081230646842,1.08825196810639,0.959824256642483,1.0529959473959,1.10902258644893,0.849357518869486,1.01184952155667,1.08410708364033,1.02438715125611,1.02917334711256,0.827079685481658,0.99644579837863,1.23551065687759,1.1003068904659,0.923574026908287,1.03269185999806,1.01353251020988,0.808859154645798,1.06381845492632,1.00308865672224,1.16356106153505,1.08619964366946,0.993980729467335,0.948557436300535,0.957145263602666
ABP2,inanimate30,0.965817586806974,1.06544250209282,1.02003743387414,1.22028843483276,1.18423083518339,0.830825316375904,1.02543521812965,0.745673912729826,0.997728230303421,0.886762664114436,1.01730249997014,1.03467751857554,1.13691805649513,0.752881777556325,0.732163367362045,1.20481266901031,0.756696761460806,1.13762676245982,1.02273787747049,1.04584115801488,1.02809119934674,1.24724776748694,1.01050968475031,0.850803856956929,0,0.983424745965604,0.909167492649798,0.908899418764928,1.11075031505623,0.94288972745498,0.994618967541713,1.19230809768507,0.999188312734906,1.11856065660765,1.02290304404498,0.947824509949966,1.03413859791549,0.879883631875525,1.0384751766425,1.21265737815174,0.916101511122834,0.887405926134479,1.13834461444649,0.993870763944772,1.14468646608994,0.90462122628747,0.883268564199617,1.0577125879879,1.04539358507978,0.943518569538962,0.997823704740033,1.0124945295146,0.849071493006847,1.09545424526588,1.14864184470778,0.778450338063962,0.883235022096407,0.837242110370009,0.975157577413417,0.927919154656706
ABP2,inanimate31,0.946179718400514,1.10606066874186,0.907141153847744,1.24903068131747,1.07713468603494,0.871391695332157,1.04973141630251,0.901440078973594,1.26473801125604,0.943298407148311,1.01582449909632,1.07834693745888,1.14985618654144,1.09299720594806,0.916160262236876,1.3314133400137,1.12240270936928,1.13233322406687,0.970653922395157,0.962649424478738,0.856326944246935,1.24636560291096,0.898077911073706,1.01523026176271,0.983424745965604,0,0.888167613505545,0.869756775735466,1.24837865289264,1.07871947049344,0.890509590938018,0.905421408163785,1.03214889474608,1.26433258802101,0.837199300230132,0.899397510710428,0.739895282826664,0.778730071541847,1.09211397897019,1.34863974081178,0.648114923353575,0.656580925124293,1.09840113561005,0.990269002725842,1.08600721610623,0.860949966840202,0.646971130466564,1.16400731908815,1.17076229154183,0.774698604492453,1.013992526922,1.07358738077772,0.846947469642094,1.04787296344634,1.29701085710475,0.939863376864057,0.771060043722603,0.826289394881914,0.739072905386184,0.665084766161488
ABP2,inanimate32,1.04520349851708,1.08466127787292,0.491132973761789,1.28104916368719,1.10907742913645,1.07065162095834,1.16082253788005,0.859174026677424,0.906116234581573,0.708891381149691,0.965752708097237,0.938131690088227,0.940966068071047,0.951573775180768,0.798329020818728,1.31524286630113,1.05081813958597,1.14861723887809,1.30730098301298,1.02959197366832,1.20436971389676,1.084889341924,0.98530054165489,0.992263669098851,0.909167492649798,0.888167613505545,0,1.1121155966263,1.03642305815556,0.949530535824246,0.882041539367917,1.03614901518491,1.31727003515516,1.24976016419287,1.45390471139422,0.48675421322129,0.880222142085582,1.23165977009339,1.00818123452903,1.1057673412321,0.856707716905156,0.79684845722301,1.10378073699622,1.4427406970957,0.667175865404536,0.862032729853831,0.994792748903634,1.05428969027438,1.14036049416351,0.951147525787728,0.945507866069771,1.27579524220174,0.828015797129826,0.814273251486547,1.13533851591082,0.928855232782682,0.853743450927728,1.10926127235273,0.9868001906602,0.529026868292564
ABP2,inanimate33,1.06456246809308,1.06307792371681,1.32585125674475,1.368426543043,1.20489812851228,0.754631363794091,0.884102529001349,0.714845989893328,0.987086636234982,0.847429992927614,0.932622855669277,1.15706528337359,1.34809837500838,0.897332026070521,0.796008767530687,1.36264550120169,1.02226423567703,1.23375109618232,0.939899935557675,1.1033381153868,0.596273596777643,1.36311007980245,0.835529424135802,0.926917754583134,0.908899418764928,0.869756775735466,1.1121155966263,0,1.36116737450986,1.01185108361628,0.980060807963769,1.10752141610801,0.817166472955904,0.913818683706417,0.599664164827185,1.19654728240381,1.13118047421757,0.662523972908693,0.696041597718154,1.31960292306004,0.727194234720272,0.644457644593595,1.06824765787426,0.597710764310552,1.44582422494058,0.66245489087962,0.700075251275353,1.25284775980853,1.1476487521522,0.795957070580505,0.947717206340388,0.935218957533901,0.802463240237833,0.966421551414437,1.29499949778266,1.05023038018448,0.706397722428584,0.683860270342007,0.81154906535864,1.01410679330139
ABP2,inanimate34,1.22003322327138,0.980731647451878,0.982401421938396,0.471130266496585,1.05886703666664,1.24089132920039,1.28890159539374,1.4682235400727,0.856755198419992,1.3574304219103,1.27098118922783,0.793556290770242,0.631135254716055,1.10032533953091,1.24999920999325,0.416775126018524,0.992877012462166,0.595380029064672,0.862703217913096,1.00758414247315,1.27793249218876,0.626336686479935,1.03754650513178,1.13226200809933,1.11075031505623,1.24837865289264,1.03642305815556,1.36116737450986,0,0.980451444864436,1.24857899631541,0.914477562258794,1.14203525451211,0.81519225743261,1.30055111499851,1.10856717737678,0.952516856359515,1.34893925070626,0.964735354415917,0.604997834499461,1.44609691849043,1.40115534177905,0.970297738343524,1.28975781692931,0.757314797749867,1.40891745602455,1.37375642793711,0.754139498302581,0.616877824227754,1.27100372521826,1.01362377661301,0.900070382518707,1.14489745177305,1.03124910657241,0.699921279574889,0.93689608937206,1.27221494294965,1.42928287201093,1.38655643665677,1.21874725679411
ABP2,inanimate35,0.918164455703593,1.11483924581987,1.16671703191069,0.909485627840683,0.962257369614006,1.01516884290935,0.968077689201104,0.91142600066345,0.87623552681355,1.04788241019635,0.964340771442874,1.05070964465006,1.05666544996522,0.728183523436423,1.04869467804803,0.920969760880943,1.00207273548903,0.944865248164473,0.978526754706165,1.06836323720218,0.997663845969077,0.921400186846719,1.01976507699323,0.893857043473476,0.94288972745498,1.07871947049344,0.949530535824246,1.01185108361628,0.980451444864436,0,1.19096094798146,1.05552058200464,0.972512316741768,0.93934820072707,1.08800217424795,1.03481998641058,1.12305158349077,1.15257590041306,0.924175950059494,1.00979348856547,1.19784226583361,1.05112416620532,1.08159768066082,1.06991286985183,1.05339511122023,1.03171111683225,1.10332904008596,1.09366099576747,1.0456122605507,1.16001826872692,1.1028661422458,1.06971306431318,0.993607666469809,0.998216286423166,0.884887456400003,1.06229422923332,1.13287299779698,1.08987808638426,1.00515883428909,1.04818422998956
ABP2,inanimate36,0.94830283533784,1.03709235549207,0.710107555832564,1.38345434887908,1.04133303637942,0.965438541245331,1.04938556060944,1.00515728987675,1.18143141707219,0.696932853924554,0.891481639133592,0.964700300963155,1.11552661184832,1.13237539827012,0.751543074025188,1.37466448341387,1.07917031268679,1.44889257943313,1.03391821706952,0.915549020591755,0.920545409403286,1.32378308269036,1.08474023624624,1.1243037393547,0.994618967541713,0.890509590938018,0.882041539367917,0.980060807963769,1.24857899631541,1.19096094798146,0,0.892976208432949,1.1135719867456,1.18802591901199,0.896561640697702,0.829035526984723,0.81513380756596,0.762146720788628,1.23730217127807,1.02544419330289,0.688619619822148,0.73117033134203,0.866765062005787,0.923572519260729,0.936610888797598,0.91658291674673,0.828141286941281,0.898154899703879,1.27635303243993,0.707097002877541,1.07998310489454,1.05780758884095,0.979750878631634,0.991306650049556,1.13304104392011,1.01451116285264,0.653306595570223,0.776081043716339,0.866019473224119,0.761397313025537
ABP2,inanimate37,1.02591363559116,0.946795074631591,0.902034891329214,0.853538698611867,0.826416751981176,0.938399115690549,1.00660829931685,1.29154860773521,1.13164105474779,1.07961413530252,1.06986759876043,1.07348223448607,0.933944910475546,1.1638065537682,1.17811996638027,0.845915037235999,1.25238474070601,0.945121970842963,0.918752399743281,1.05431199739601,0.996008364578464,1.00312798652726,0.971553007857612,1.03067068727134,1.19230809768507,0.905421408163785,1.03614901518491,1.10752141610801,0.914477562258794,1.05552058200464,0.892976208432949,0,1.12264795850916,0.971529591818844,0.932722019046324,0.995222191204426,0.698536438007728,0.989113416380674,1.15062771082309,0.897506604160354,0.904396631366022,1.07107374379709,0.927100518768969,1.02487924821395,0.826194147905096,1.06698492522563,1.14138642585093,0.983588429154308,0.979322939258729,0.968210704150901,1.19356972024884,1.00118059226425,1.03802678566656,1.00227122760928,1.00464072629721,1.18740062674068,0.921730672186203,1.14888532446432,1.07194397714596,0.914172665988189
ABP2,inanimate38,0.900392473197956,0.9992602480093,1.28307854396905,0.996972960001135,1.06180914449891,0.910650495727518,0.937556036088545,0.76837751851907,1.02784729650479,1.01990679121045,0.957120394714835,1.12407295002242,1.07530295521925,0.974730091106202,1.02794816754004,0.988202230941158,0.948158634071519,0.956193317633777,0.872048655631274,1.03859259950852,0.979039700956467,1.00938448380939,1.03003881310748,1.02512880489462,0.999188312734906,1.03214889474608,1.31727003515516,0.817166472955904,1.14203525451211,0.972512316741768,1.1135719867456,1.12264795850916,0,0.882884420712369,0.85686530509286,1.3145728145263,1.03362167979781,0.822111791311629,0.929358321941304,1.0738861387404,1.00854920719967,0.991991816490863,1.10079906655894,0.820662889102276,1.23616646260652,0.891058633150909,0.900461974551038,1.08694233666117,0.98102306139433,1.0149609397872,1.01621935591687,0.750927505643378,0.999745378091744,1.07305613582941,1.00401794915635,1.04797330054056,1.03215065147301,0.926480590428467,0.850242579829504,1.32313469154872
ABP2,inanimate39,1.05369627132226,0.931194640110478,1.39978708502943,0.664774065171375,0.92315431059474,1.15376560044925,0.893663651694561,1.10397280734063,0.784547992185454,1.14999806724378,1.11466475436545,0.915206504271227,0.675177918532348,0.994469355716529,1.17961885286501,0.63989662608348,1.02873146659744,0.772260572052917,0.769218144243505,1.13909235905763,0.92622694266845,0.69951624185465,1.03957086791825,1.01185081680588,1.11856065660765,1.26433258802101,1.24976016419287,0.913818683706417,0.81519225743261,0.93934820072707,1.18802591901199,0.971529591818844,0.882884420712369,0,0.837327351092605,1.38992498242493,1.2316809076627,1.21696821419404,0.881476411607087,0.675872741309284,1.31407172406909,1.24640955220732,0.971586575819565,0.714969955036335,1.2652158864345,1.11037740086528,1.29152509758888,0.953787608800992,0.895572921712256,1.28837615796656,1.0010169700581,0.861553280027478,1.3003025736872,0.910382434403052,0.906279308220797,1.08167177204008,1.26970699957524,1.24907732964123,1.15585290540655,1.37885142705885
ABP2,inanimate4,0.918945612141852,0.98072165458611,1.42886714547827,1.08411828813442,1.06287417143913,0.839082070555149,0.854367562769892,0.94188779464565,1.18049399909696,1.00861225377655,1.01630328920021,1.06485324855506,1.13403434478494,1.03007637809614,0.997538093858911,1.09556483590552,1.03056067975737,1.12642684201889,0.822329773754761,1.06183896533317,0.474653124944567,1.18826473931629,0.963124363891088,0.970000932693181,1.02290304404498,0.837199300230132,1.45390471139422,0.599664164827185,1.30055111499851,1.08800217424795,0.896561640697702,0.932722019046324,0.85686530509286,0.837327351092605,0,1.34770717707391,1.20480182864889,0.633364223997311,1.04171555129853,1.13010005001015,0.851374573255965,0.862672241967575,1.00527164072852,0.354095952958142,1.49049062987356,0.873136063203069,0.791440130772781,1.08388325125092,1.02895300208568,0.904046703744169,1.05109362542054,0.896076902932776,1.00454748290933,1.03622753700543,1.32601248081059,1.07821378577848,0.831689853526583,0.774901938282734,0.771961094027477,1.14140528095296
ABP2,inanimate40,0.947895798056513,1.01129554524692,0.418269352794416,1.2297568080408,1.04971561983083,1.04422375650351,1.22637615031051,0.938179839492434,1.05941783934976,0.882048592057446,0.823401225460289,1.08764585659924,1.08682047763037,0.908508537447252,0.884021296346349,1.24604895519047,1.04880739926971,1.2490877861601,1.35598585415179,0.988067917777444,1.18203659571525,1.15224579408278,0.979452421694925,0.847081230646842,0.947824509949966,0.899397510710428,0.48675421322129,1.19654728240381,1.10856717737678,1.03481998641058,0.829035526984723,0.995222191204426,1.3145728145263,1.38992498242493,1.34770717707391,0,0.929166546729247,1.14049690248436,1.14630236046087,1.039272114233,0.724139907593936,0.825395773682046,0.946814820847106,1.44950139298595,0.493090993423993,0.988820991557374,0.941082382392837,1.04560178569222,1.09333516037767,0.898999980326782,1.01754177116689,1.26902798732364,0.669034071660908,0.967124102302039,1.04114583851031,1.00370136440557,0.883141343980975,1.09357531973334,0.931501025034795,0.571669993662806
ABP2,inanimate41,0.985215755666442,1.00978349818549,0.750094491142929,1.19654761905181,0.96832767565168,0.813394381360851,1.04231785998218,1.07887069396639,1.27806739212101,0.847035927626279,0.970671531914039,1.08130844131991,1.09632140358259,1.21539415723447,0.966364148459369,1.20233738259714,1.12975503726075,1.15190409191797,0.917278634529619,0.967666636606607,1.16555023380178,1.20613823216242,0.959968683707306,1.08825196810639,1.03413859791549,0.739895282826664,0.880222142085582,1.13118047421757,0.952516856359515,1.12305158349077,0.815133807565959,0.698536438007728,1.03362167979781,1.2316809076627,1.20480182864889,0.929166546729247,0,0.744108825968886,1.16797815156317,1.16586905498483,0.782272257879612,0.874797099621052,1.05292293608926,1.22216996996051,0.823505967074543,0.985986718784479,0.812564544733362,0.959500043977298,1.20675293025416,0.759193984435223,1.1117976079671,0.938173029612932,0.941841759828279,1.01735868462165,0.984708685069577,1.03276229696858,0.763891583625154,0.965790771946753,0.938528826884173,0.760778415113883
