Participant,LABEL,animate0,animate1,animate10,animate11,animate12,animate13,animate14,animate15,animate16,animate17,animate18,animate19,animate2,animate20,animate21,animate22,animate23,animate24,animate25,animate26,animate27,animate28,animate29,animate3,animate30,animate31,animate32,animate33,animate34,animate35,animate36,animate37,animate38,animate39,animate4,animate40,animate41,animate42,animate43,animate44,animate45,animate46,animate47,animate48,animate49,animate5,animate50,animate51,animate52,animate53,animate54,animate55,animate56,animate57,animate58,animate59,animate6,animate7,animate8,animate9
ABP2,animate0,0,0.915534912807358,0.89394819362932,0.363689109726819,1.24228108138925,1.18647340709631,0.978348934203492,0.689437803619278,0.783780641241558,1.314253280949,0.806512571221462,1.4385024977165,0.48257284490481,1.19430251185547,0.569069207672562,1.48515429741222,0.924500791884246,1.55153165910135,1.46082745584515,1.00859681904881,1.08506258036402,1.16736354511413,0.866115221580066,1.05370604960971,1.27158220069876,0.611439016606148,1.59674008302484,1.0537955601023,1.14277548626719,1.17167230791255,0.669067960298602,1.35422919879553,1.01208804396325,1.63060373444126,0.694193287719452,0.914390060533446,0.982389886480995,0.58947125068147,1.23391961050323,1.44932837515153,0.779961872320451,0.927054126186059,1.56255226791453,1.19156213190993,1.14539276070717,0.870805704155161,0.947079897545629,0.691209162566221,0.829644797603058,1.49098639176671,0.919191501927754,1.41934714122477,0.426088042282081,1.48372577977965,0.80179786815693,1.20908211565515,0.973845644504761,0.908272365569925,0.6206503423811,0.675176110976263
ABP2,animate1,0.915534912807358,0,1.00925315849756,0.936789863547521,1.12479676736059,0.961708669641235,0.872232130675216,0.858150314533781,0.990406627538734,1.22831907741305,0.705891417212459,1.07463797083702,0.736018012148086,1.21727388576989,0.947828047659428,0.932416202999281,1.17449781501348,1.17547575485331,1.21119131458718,0.754627145231575,0.914064838362401,1.30132918685817,0.735922606698983,1.20290189375973,1.1337367604273,0.893186143847139,1.12449778042898,1.13056937174369,0.949563290473462,1.1056279483174,0.830314843160955,0.733370381877233,1.13643103326457,1.29943891406901,1.02069665999768,1.04179349114392,1.03616559967628,0.935891987543123,1.27651674207628,1.31643283373116,0.897393356546783,0.965238902131006,0.877060628335319,1.1385052628905,1.04880203592882,0.852893385854847,1.00979026259672,0.883770009570439,0.86881387208893,1.23747561629486,1.04376502813935,1.21040148872064,0.945345270854973,1.09322551438542,0.651710525085405,1.12516567026032,1.0468812125638,1.020260258941,1.06694952710339,0.850073321925916
ABP2,animate10,0.89394819362932,1.00925315849756,0,0.683340931963751,0.998394381552018,1.05187624629716,1.11068849818451,1.01514140507979,1.00958582914784,1.01881581670576,0.868208615767623,1.00536954213938,0.967058763622975,1.05850081260722,0.992972874853403,0.985167244256502,1.12133099367216,1.15786165071555,1.14104891100248,0.873957827293673,0.897751432775549,1.00418742288139,1.02249010039902,1.17087969271174,1.14018787526234,1.05220558987015,1.36897596712663,1.08508708705123,1.144263852422,1.12172179187748,1.04684164754118,1.23002725056233,1.15718076869218,1.07881874798808,0.999192854224561,0.966463675072466,0.88844522286895,0.995343384493913,1.23405474480395,0.963416839237886,0.945598767397576,0.95684202971757,1.01730416790742,1.00644768763073,1.20071467371763,0.974706594801357,0.953463583032971,1.03266792217901,0.929590783197268,1.15941390714882,0.891146436222443,0.936965130772779,0.870010307292863,0.992786065126859,1.15434893618009,1.01074236218764,0.810421530817953,1.08353579009866,0.92482755760592,0.847365268015261
ABP2,animate11,0.363689109726819,0.936789863547521,0.683340931963751,0,1.23535347538255,1.28732019036615,1.04186232659268,0.694950394712781,0.777239259007342,1.1799175606388,0.80622787949471,1.48599797014027,0.561815665447676,1.3144685181395,0.592251152647366,1.44261340085322,0.945686315185166,1.5144651468777,1.35386093359529,0.951397302807395,1.00975484359695,1.10932566007236,0.846295520732445,1.1365166972006,1.31711420843054,0.6527873688756,1.70524607855333,1.10992010089476,1.34147905954986,1.21158063602337,0.711097843409805,1.42816690331033,1.00267008522923,1.57910223966478,0.703946109089614,0.917852798851692,1.03365687825083,0.691488986127973,1.29703584728412,1.36722471496159,0.835020700113043,0.895608884049336,1.46736081208616,1.07677057059184,1.14697371418102,0.943412234545844,0.935277519886427,0.758265605839732,0.701112761881657,1.50701586179195,0.854766450868945,1.22584970980588,0.411567819560404,1.39975816941319,0.917053717274561,1.23554310174149,1.02653141617625,0.989791608763633,0.716627404126791,0.610164732652391
ABP2,animate12,1.24228108138925,1.12479676736059,0.998394381552018,1.23535347538255,0,0.950145716963503,0.955848994178237,1.22521238708482,0.978737102074413,0.828460070570242,1.07468303527741,0.615664520478329,1.24597500084488,0.927183693801844,1.25257621030915,0.843174190754518,0.968234333579921,0.720933559498254,0.818750020017754,0.994865726864977,0.849855022339116,1.03278046217176,1.12358788854296,0.941467624153259,1.09227800366393,1.23770771314074,0.758993920788723,1.22085606847048,0.974632654631769,0.983450332200266,1.24755361029011,0.904209173749485,1.07355599075433,0.671044619023225,1.19290614097626,0.914454692057304,1.12108690299476,1.16758452220954,1.03640247288698,0.922521836623548,1.16107001380879,1.10859728424142,0.885034048967426,0.982391453441595,1.15113520458955,1.04040187986122,1.06930062069871,1.2582752382152,1.09300144959426,0.67640436121769,1.05435639276524,0.753020473084345,1.30123249638279,0.77836205077662,1.04520506668728,0.674429660680194,1.05403463049122,0.966714115157942,1.02797941356225,1.12023873185183
ABP2,animate13,1.18647340709631,0.961708669641235,1.05187624629716,1.28732019036615,0.950145716963503,0,0.792616198992969,0.913729411761583,1.12568715512685,1.06616331118677,1.02660494185937,1.000512455876,1.05831587597471,0.869999755819437,0.967924073023562,0.877772017007444,1.12160490818838,0.979615019500278,1.03634722795743,1.06738799037371,1.09331979387636,1.15191806422589,1.1706843626397,0.800328004630806,0.808774728309056,1.08799060333352,0.955216254365835,0.848240521139682,0.963088422783859,1.05673076206774,1.14771532193281,0.935639646059084,1.12751797812811,0.967244702340047,1.05625738200694,1.18369821364735,0.730280737729818,1.15226142198166,0.907485841717813,1.01017501422755,1.02427604746201,1.03354823528732,0.731198456995168,1.3540339470997,0.827614081614706,1.05621211462308,0.836780683408655,0.870398471764837,1.37022829787436,0.799417974382469,1.15315313633198,0.958761766194172,1.20869761584971,0.866247110386696,0.934394789875951,0.729246959850007,0.807136901881076,1.28288145532761,1.18296744010593,1.33338768829076
ABP2,animate14,0.978348934203492,0.872232130675216,1.11068849818451,1.04186232659268,0.955848994178237,0.792616198992969,0,0.918942688850474,0.918062022308688,1.08582706459433,1.05141751935513,1.16509350056021,0.867523587472886,0.849952189005416,0.860196414132442,1.033523991361,0.989692519200324,1.10802765794568,1.06787643987217,0.872437934367446,1.09586348104008,1.24122007271786,0.936649183574862,0.884583709299978,1.01600406442269,0.926547905171589,1.06069693789279,0.865221286405867,0.910871163127307,0.998076739970903,0.988102399796996,1.05624919640612,0.97700352610713,1.06855653103693,0.924804776988472,1.02700167313363,1.02241606267222,0.902041520459821,0.909984986281367,1.21250745777612,1.01896494698615,1.00205177212782,1.0727862229615,1.25742420486911,0.90808948114082,0.89096250978001,1.15360186909593,0.858094586955433,1.24452309549856,0.869176206272327,1.07045523729892,1.05401795518616,1.06650051345562,1.13282764134738,0.865861248427305,0.898739412167489,0.737927027525752,1.16790913161067,1.07939304556211,1.12984641914614
ABP2,animate15,0.689437803619278,0.858150314533781,1.01514140507979,0.694950394712781,1.22521238708482,0.913729411761583,0.918942688850474,0,0.981673817668905,1.21477988421605,0.710745018812127,1.41063425254871,0.688421754740281,1.27257691171204,0.850692783542031,1.09867008526771,1.14479008398251,1.34517165216468,1.34076343909529,0.934978098317043,1.07188418276399,1.20527941589731,1.00004325529723,0.980627654362815,1.08461313062462,0.740531098128512,1.36743817356548,1.00674926792858,1.2054313157175,1.13331017399524,0.887034594799944,1.11597550647594,1.10858520186104,1.35282692349919,0.88967240262389,0.97934575155993,0.86722394343519,0.789347365615833,1.12177093278423,1.36925529334854,0.862535170930322,0.885178263339853,1.04893765763101,1.16800821976723,1.09929107196426,0.949837064854727,0.969216036731723,0.751354909639439,0.979768606536306,1.25943463881319,1.10368316078653,1.32529291288429,0.73208075312275,1.17254933104167,0.773104776921595,1.11645821599746,0.972509179402527,1.16317262185252,0.88764655424872,0.878397414732919
ABP2,animate16,0.783780641241558,0.990406627538734,1.00958582914784,0.777239259007342,0.978737102074413,1.12568715512685,0.918062022308688,0.981673817668905,0,1.01750643303808,0.874095858798564,1.16365809734707,0.830410538161749,1.16159232116664,0.827807437634216,1.35527953869381,0.967699522967435,1.22323875350309,1.14758925867048,0.969255715999929,1.07022227640885,1.17354261288182,0.918864040895597,0.910373895663861,1.31467537264254,1.01768608531074,1.27868662948424,1.1853122551353,1.09900875777864,1.09123001478187,0.711175196297324,1.166787183506,1.05923290564822,1.18759779041838,1.00996442960382,0.943984556964221,1.10182126691504,0.919336516066355,1.1059322373084,1.19173643911785,0.941539700969751,0.949015036081335,1.33320767210328,1.06201800685127,1.11205397305514,0.974941454578822,1.02451277916019,0.936468027686282,0.750037797948344,1.22614778478701,0.97131496792093,1.02468706729842,0.860748613678795,1.07935809094916,0.896117405653026,1.06862040222557,1.11063148650154,0.997603954657554,0.848254792962139,0.828737709252401
ABP2,animate17,1.314253280949,1.22831907741305,1.01881581670576,1.1799175606388,0.828460070570242,1.06616331118677,1.08582706459433,1.21477988421605,1.01750643303808,0,1.23570505983489,0.875324656856432,1.21587627561649,0.894350582048299,1.08916404822013,0.89774119436179,1.01603479704234,0.752507691551701,0.697746278380781,1.00746048121117,0.989555318533147,0.846533665418322,0.960138012947433,1.01949820890804,0.988689666528784,1.19105048589884,0.795486456801433,1.10221934662821,0.960028279436841,1.03347669357069,1.18986483443337,1.01384048306047,0.952711643243365,0.690517223865934,1.12548894980583,1.01849248645828,1.2091833964567,1.11326660597332,0.937505940065786,0.708258035161091,1.20276492299857,1.01695215495815,0.926185564756644,0.837414732165991,0.993161750711417,1.01647044388838,1.02856246340145,1.1773699199324,1.05080078102568,0.755056008530774,0.952804538995168,0.685859437781468,1.24069035526344,0.748283694434341,1.10434943959001,0.938738194724231,1.0650555118806,1.08068518148532,1.19863063496238,0.999527511520945
ABP2,animate18,0.806512571221462,0.705891417212459,0.868208615767623,0.80622787949471,1.07468303527741,1.02660494185937,1.05141751935513,0.710745018812127,0.874095858798564,1.23570505983489,0,1.07984515270776,0.821111927766479,1.20978194218267,0.903190993219791,1.04930901548746,1.12098560631467,1.1144695937911,1.21549428749671,0.816790049508481,0.737648630279068,1.36261360281395,0.906751870113198,1.14627071946577,1.13652939855254,0.926720981820459,1.27402173262596,1.2219096109041,1.04826139826011,1.05230545727154,0.841484116300989,1.00606340820582,1.15744543925877,1.28055966801288,0.986511673315211,0.906850748240325,0.939564145176083,0.761492889139759,1.24688337377737,1.34515759184189,0.827780548435716,0.954618322464176,1.06875029155978,1.03873553002488,1.17802196152532,0.978286813148089,0.995271509080497,0.873391001594764,0.842669592204424,1.30034501887751,1.01892255917982,1.17326266641413,0.947143746655133,1.15730880871736,0.749052272664806,1.05655111663177,1.12001738001095,0.875913723393194,0.833947602529738,0.848625886725224
ABP2,animate19,1.4385024977165,1.07463797083702,1.00536954213938,1.48599797014027,0.615664520478329,1.000512455876,1.16509350056021,1.41063425254871,1.16365809734707,0.875324656856432,1.07984515270776,0,1.37352697663511,0.689677549678341,1.34936141826618,0.763853727345445,0.940531708258552,0.454651282392895,0.710939102699131,1.0008538932341,0.862174860227351,0.909748703127291,1.13595670561698,1.09668498082673,0.808747100451924,1.31356413923552,0.44869082207698,1.14435500182385,0.699827000519012,0.798528928778323,1.27813859722031,0.641406386153667,0.991286771064767,0.527948604068373,1.20565514728357,0.933395370425624,1.05305302984804,1.31645994838279,0.969985387236961,0.675417035794611,1.26889517380623,1.08807821444984,0.716339825467547,0.780375765717294,1.02422907824704,1.15976650414891,1.16964572612958,1.32500643494136,1.06115257865672,0.674919323097041,0.932941201596747,0.685806437003226,1.54923121621122,0.688382500147357,1.3428018778789,0.739992245172361,1.01705668543682,0.718195031198324,1.02147401276289,1.22060725455076
ABP2,animate2,0.48257284490481,0.736018012148086,0.967058763622975,0.561815665447676,1.24597500084488,1.05831587597471,0.867523587472886,0.688421754740281,0.830410538161749,1.21587627561649,0.821111927766479,1.37352697663511,0,1.11070253918284,0.712711243832796,1.31109144849751,0.988403824032439,1.35976564410098,1.32292802578185,0.709791889610562,1.04642450075172,1.2405852455904,0.943673497252513,0.890142795663769,1.23304296113884,0.616584120416514,1.46829907719371,0.90831276921171,1.0258987398818,1.07883177406945,0.666598820301082,1.24966656029452,0.96210733341299,1.47546728920157,0.678843081767724,0.86942066934997,1.21272947002719,0.64228851622307,1.11539814317352,1.44809390764936,0.801557735198926,0.954724299404948,1.51456197922221,1.22380331965135,0.931933240056103,0.614075006735393,1.01544412918011,0.669209209491371,0.945500878766104,1.41390962420054,0.848702670833562,1.21849454068508,0.586677316819753,1.4568099163623,0.829968308309533,1.11850113694862,1.1376923580322,0.920632997616808,0.838699677972178,0.817636554148798
ABP2,animate20,1.19430251185547,1.21727388576989,1.05850081260722,1.3144685181395,0.927183693801844,0.869999755819437,0.849952189005416,1.27257691171204,1.16159232116664,0.894350582048299,1.20978194218267,0.689677549678341,1.11070253918284,0,1.04868983153425,0.970767755411918,0.830140859510735,0.726825278385312,0.820972270040591,0.971530730437083,1.1115905380213,0.936350548577445,1.20457474738286,0.900535287992511,0.760195415946962,1.09192689371933,0.726483286645494,0.665941446010832,0.723736643043593,0.788158561702558,1.21553984880305,1.02138808314386,0.898132379930142,0.728646026706645,1.0351565184004,0.91858988267102,1.04482798501684,1.04661932904985,0.73913410232701,0.874705555497968,1.22998047762596,1.07191445772052,1.02648297089442,0.942330895825456,0.803648998843592,0.955165743484179,1.23098055377061,1.00384319477738,1.27375287155311,0.679943850908561,1.05622158526282,0.820501610880913,1.31044242463849,0.921802084175394,1.19157208037012,0.774112252802296,0.702500535093096,0.911490157473855,1.02818243772633,1.31633153051448
ABP2,animate21,0.569069207672562,0.947828047659428,0.992972874853403,0.592251152647366,1.25257621030915,0.967924073023562,0.860196414132442,0.850692783542031,0.827807437634216,1.08916404822013,0.903190993219791,1.34936141826618,0.712711243832796,1.04868983153425,0,1.46701788641219,0.916073287032651,1.38536977041527,1.19426460086651,1.09907026367578,1.16242536258859,1.16711210726289,0.793632130035635,1.11070115513019,0.964486999994491,0.633330912943155,1.46213825316251,0.954451872371098,1.08245311171488,1.15219015651372,0.725457974320053,1.27757974515494,0.926182961986869,1.54772572964741,0.827029246638346,1.13679665657833,0.927096891208798,0.587739035744519,1.04862978590819,1.26885849832947,0.834453364513111,1.15826382603053,1.38712402093824,1.39748939158378,1.00044562603716,0.95454975586508,0.860561235660944,0.426671264861257,1.1259613139765,1.19793214547278,0.959127524123465,1.16590469452321,0.651729813631571,1.42502567537026,0.835902614143206,1.16328364257084,0.928026184689604,0.979491355538613,1.00783793729566,0.888690242773836
ABP2,animate22,1.48515429741222,0.932416202999281,0.985167244256502,1.44261340085322,0.843174190754518,0.877772017007444,1.033523991361,1.09867008526771,1.35527953869381,0.89774119436179,1.04930901548746,0.763853727345445,1.31109144849751,0.970767755411918,1.46701788641219,0,1.18459903552368,0.6557283965562,0.932704854530478,0.867025700471222,0.887404578294852,0.887119162495291,1.03773264099347,0.943254559149146,0.894901093464975,1.31992658133027,0.619494073942472,0.966990582129626,0.854264765366468,0.9638387172629,1.29992840794637,0.655820459077774,1.04752896138064,0.52180252019535,1.24087089316887,1.06520895884309,1.046877083855,1.22183801237663,0.948172280553099,0.708208475491385,1.09003151568456,1.00062591041079,0.414902468694587,0.857416360386938,0.996911076896743,0.925959541553859,1.10359205061932,1.2972522730902,1.18752208476792,0.675836220633252,1.06634796303836,0.812914210018835,1.43222123636345,0.679906236474157,1.17960658940039,0.890994337069114,1.06960504916923,1.10643485280018,1.24428555326828,1.16272207830108
ABP2,animate23,0.924500791884246,1.17449781501348,1.12133099367216,0.945686315185166,0.968234333579921,1.12160490818838,0.989692519200324,1.14479008398251,0.967699522967435,1.01603479704234,1.12098560631467,0.940531708258552,0.988403824032439,0.830140859510735,0.916073287032651,1.18459903552368,0,1.03647955113818,0.906300916102127,1.10342824769806,1.14162110912797,1.01074909987542,1.04610632426014,0.965753988952995,0.901334122885316,0.841317314932813,0.793684339371827,0.963059858218294,0.943623159383897,0.930584996302423,0.92934647940637,1.02642561994808,0.955172665535908,1.09774421172921,0.830364553518629,0.997751289204994,0.978370205439961,0.962778087384001,0.780143332142492,1.04589515872815,1.12685610686358,1.05889378490153,1.27358070504856,1.04842071442068,0.874552749323092,1.04160690086998,1.17184679895199,1.01411842304364,0.996958779441369,0.886223227574437,0.934731662708387,0.960655290771972,0.945163843165258,1.13772242435765,1.18339507445407,0.976753808768226,1.15260278624094,0.845416616103768,1.02552414667963,1.03743631783651
ABP2,animate24,1.55153165910135,1.17547575485331,1.15786165071555,1.5144651468777,0.720933559498254,0.979615019500278,1.10802765794568,1.34517165216468,1.22323875350309,0.752507691551701,1.1144695937911,0.454651282392895,1.35976564410098,0.726825278385312,1.38536977041527,0.6557283965562,1.03647955113818,0,0.565659917742093,0.980715298102733,0.823296344196463,0.879129706652301,1.19242377840852,0.841202078796291,0.805821995704562,1.32579512720474,0.420687527228899,1.0075671273541,0.771654844596789,0.780229422692339,1.35060985311664,0.767788109215656,0.939188235370901,0.410921630524132,1.21773236718626,0.912551268195563,1.21150277013411,1.26545349652387,0.824701511155413,0.640651927616498,1.21524564311563,1.05621291423542,0.736825017755706,0.652266905996105,0.91508850241249,1.03718596040444,1.11706681028814,1.30993089704114,1.10432015743021,0.631710022477315,0.887777749812699,0.643419938778389,1.52157415588963,0.609871279947627,1.23566605191071,0.740510060294218,1.17875720867874,0.699288989366874,1.10595729821463,1.29959591895511
ABP2,animate25,1.46082745584515,1.21119131458718,1.14104891100248,1.35386093359529,0.818750020017754,1.03634722795743,1.06787643987217,1.34076343909529,1.14758925867048,0.697746278380781,1.21549428749671,0.710939102699131,1.32292802578185,0.82097227004059,1.19426460086651,0.932704854530478,0.906300916102127,0.565659917742093,0,1.0796517104992,0.929292375731014,0.780464431619779,1.00562250717319,0.990448351951209,0.878696165450292,1.29712755368426,0.60960104374555,0.884453955558449,0.900975065521324,0.855776549708992,1.19598721921464,0.919229471281445,0.864168164106244,0.678665978450624,1.1016253593628,1.07223413799166,1.09747216455762,1.21024195976133,0.687157174722214,0.701123656803995,1.04456656029863,1.0581069036847,0.91165157252822,0.758808420449654,0.828220067305028,1.15115645091861,1.01500592362356,1.26038478500777,1.01803861660251,0.73539411107137,0.967139597739351,0.700581395569062,1.31288654765882,0.793558549412212,1.12385176812007,0.940143064123793,1.17057117839674,0.900562549066636,1.20946232344255,1.26178247223841
ABP2,animate26,1.00859681904881,0.754627145231575,0.873957827293673,0.951397302807395,0.994865726864977,1.06738799037371,0.872437934367446,0.934978098317043,0.969255715999929,1.00746048121117,0.816790049508481,1.0008538932341,0.709791889610562,0.971530730437083,1.09907026367578,0.867025700471222,1.10342824769806,0.980715298102733,1.0796517104992,0,0.905807020726203,1.07054517362939,1.03137865011262,1.04914657692329,1.1762672943776,0.994221151975796,1.06229933343821,0.995023540537532,0.979029647918736,1.02613436473813,0.977064646348866,0.930761482685453,1.01100564342779,1.09985240232104,1.05436684954011,0.93040589497337,1.21964309007827,0.890015179700294,1.10227030775059,1.09767928008397,0.878911394063342,0.969366651377896,1.07921978967713,0.979911971208969,0.961698144081684,0.70519294566545,1.1805009254589,1.00409212071346,1.01983839311882,1.04947030538105,0.976469213751273,1.03315680062583,1.04857683311257,1.05339624199747,0.893925343521343,1.04273430531501,1.05618613417295,0.964427104876594,1.10391840896327,0.991523800323524
ABP2,animate27,1.08506258036402,0.914064838362401,0.897751432775549,1.00975484359695,0.849855022339116,1.09331979387636,1.09586348104008,1.07188418276399,1.07022227640885,0.989555318533147,0.737648630279068,0.862174860227351,1.04642450075172,1.1115905380213,1.16242536258859,0.887404578294852,1.14162110912797,0.823296344196463,0.929292375731014,0.905807020726203,0,1.03983797005868,1.03762496465934,1.05729566871234,1.0866911075842,1.04564646917898,0.989527571304854,1.23056606656306,1.0224780636506,1.03392102535872,1.1650238361816,0.946717071384,1.09243116671541,0.924958000099187,0.970118882976217,0.846672651407478,1.09491991075208,0.913054877649207,1.1441331812291,0.999539315720511,0.891511818959796,1.04632699368076,0.958646101495919,0.776424038742812,1.11847106271157,1.09191331827282,0.912513945044154,1.1053844437899,0.896861349662822,0.957840954058909,0.840600583590426,1.01992605818168,1.09278589103945,0.977952623588622,0.954475067730707,0.880663846503443,1.10306764329324,0.827067182044375,0.888681311370751,0.945897892725639
ABP2,animate28,1.16736354511413,1.30132918685817,1.00418742288139,1.10932566007236,1.03278046217176,1.15191806422589,1.24122007271786,1.20527941589731,1.17354261288182,0.846533665418322,1.36261360281395,0.909748703127291,1.2405852455904,0.936350548577445,1.16711210726289,0.887119162495291,1.01074909987542,0.879129706652301,0.780464431619779,1.07054517362939,1.03983797005868,0,1.1028254550544,1.03600619166535,0.833985528732274,1.15789434371728,0.829055707666019,0.847840837888716,1.06921978661953,0.918092385307239,1.19861649058954,0.97502855391364,0.897853490124723,0.777074835743337,0.997717210913331,1.04585803229814,1.03522116647877,1.18874722341356,0.887418548270463,0.620940918391953,0.99365600283471,1.09553410887827,0.874924560121988,0.796714749952745,0.900102592063216,1.05475455035901,0.850103038690302,1.2452079883228,1.04642408062156,0.840627422021921,1.00205225784832,0.916308628154567,1.00371806620706,0.939209168306712,1.28719998708231,1.0125808271942,1.02927170564793,1.03430092101937,1.13888595555373,1.09302413376002
ABP2,animate29,0.866115221580066,0.735922606698983,1.02249010039902,0.846295520732445,1.12358788854296,1.1706843626397,0.936649183574862,1.00004325529723,0.918864040895597,0.960138012947433,0.906751870113198,1.13595670561698,0.943673497252513,1.20457474738286,0.793632130035635,1.03773264099347,1.04610632426014,1.19242377840852,1.00562250717319,1.03137865011262,1.03762496465934,1.1028254550544,0,1.19610092825568,1.14963145537918,0.996038125848259,1.10535655024661,1.20640942484885,0.932008055151058,1.15180779516351,0.897556901784312,1.09316448856295,1.00694588450316,1.21886793147575,0.945270961828937,1.07643842758528,1.09081089434434,0.905140743969321,1.03093365857007,1.12768208682364,0.987424433286881,0.993412628609531,1.08165334412422,0.991463225906877,1.11513337958763,0.990194360225931,1.00059894817165,0.951054474741077,0.893306219660368,1.13855631587667,0.999030000421094,1.15444913143793,0.927087557392704,1.14147524575959,0.783354163062792,1.2167699727694,1.16551431345931,0.949275688568239,0.990380717107917,0.825806725776112
ABP2,animate3,1.05370604960971,1.20290189375973,1.17087969271174,1.1365166972006,0.941467624153259,0.800328004630806,0.884583709299978,0.980627654362815,0.910373895663861,1.01949820890804,1.14627071946577,1.09668498082673,0.890142795663769,0.900535287992511,1.11070115513019,0.943254559149146,0.965753988952995,0.841202078796291,0.990448351951209,1.04914657692329,1.05729566871234,1.03600619166535,1.19610092825568,0,1.10174603931774,1.01969695150942,0.868335176504385,0.885898951216821,0.952295134824238,0.883092242972347,1.11075642501776,1.14068504654245,0.916842448614837,0.730758525759166,0.919012723466692,0.950934665104131,1.1971113108521,1.00715769806838,0.851560626955934,0.993397016086534,1.09797449278154,0.898852047180529,1.05212363875056,0.999753421606095,0.806243851979805,0.936229689777616,1.03222975483347,0.964636523230675,1.15978094806338,0.904372053470222,0.961595600117772,0.983813225929265,1.09228771041428,0.925980520670456,1.08029226010539,0.869100233551166,1.16002061885347,1.03590734585027,0.979041882648219,1.22775906797237
ABP2,animate30,1.27158220069876,1.1337367604273,1.14018787526234,1.31711420843054,1.09227800366393,0.808774728309056,1.01600406442269,1.08461313062462,1.31467537264254,0.988689666528784,1.13652939855254,0.808747100451924,1.23304296113884,0.760195415946962,0.964486999994491,0.894901093464975,0.901334122885316,0.805821995704562,0.878696165450292,1.1762672943776,1.0866911075842,0.833985528732274,1.14963145537918,1.10174603931774,0,1.13130068300919,0.689641526763627,0.72825924559394,0.8922242970457,0.961829357389436,1.16188502986232,0.758963254741493,0.961121575869121,0.887625027820686,0.970501506296513,1.22066124427593,0.653716802826802,1.09569626402185,0.713738946150398,0.799062053701431,1.13758361178731,1.23412437862889,0.754902045584419,1.16805271593395,0.88576344957107,1.0939463855457,0.9788187004335,1.0014924562701,1.38594602164912,0.685664394562753,1.03745535817098,0.844231094264557,1.26585038730454,0.967026380743325,1.14871226036239,0.84567116016537,0.77680201207024,1.05032272914489,1.18503430814405,1.23745608725489
ABP2,animate31,0.611439016606148,0.893186143847139,1.05220558987015,0.6527873688756,1.23770771314074,1.08799060333352,0.926547905171589,0.740531098128512,1.01768608531074,1.19105048589884,0.926720981820459,1.31356413923552,0.616584120416514,1.09192689371933,0.633330912943155,1.31992658133027,0.841317314932813,1.32579512720474,1.29712755368426,0.994221151975796,1.04564646917898,1.15789434371728,0.996038125848259,1.01969695150942,1.13130068300919,0,1.27786266630851,0.910919262550899,1.11205644544454,1.07562017345504,0.789348593465319,1.19745275003326,0.982171667544187,1.40654958398758,0.860925401805468,0.896926869644783,1.09857208675331,0.674774349365015,1.09009243780948,1.30728157466926,0.821460138103204,1.12123107964391,1.37747555260637,1.17870813879934,0.962805104804987,0.801500409389703,0.871060747150837,0.652649248223616,0.917733410852134,1.1408699814822,0.85398268931201,1.26572422419111,0.503700255777179,1.3940702691574,0.933205021572742,1.13239267355038,0.99315586853658,0.888878059506677,0.932060220090854,0.757269388178543
ABP2,animate32,1.59674008302484,1.12449778042898,1.36897596712663,1.70524607855333,0.758993920788723,0.955216254365835,1.06069693789279,1.36743817356548,1.27868662948424,0.795486456801433,1.27402173262596,0.44869082207698,1.46829907719371,0.726483286645494,1.46213825316251,0.619494073942472,0.793684339371827,0.420687527228899,0.60960104374555,1.06229933343821,0.989527571304854,0.829055707666019,1.10535655024661,0.868335176504385,0.689641526763627,1.27786266630851,0,1.01232497330378,0.719358260999801,0.79950184029649,1.35173203866416,0.502532669627179,0.941930619416843,0.43835789905109,1.22124778030474,0.993858026203478,1.06870151560644,1.36198556401289,0.712550811708424,0.608629297174888,1.30910114365182,1.068879066212,0.610306020431927,0.748991395271195,0.865875023827005,1.15584074368481,1.17572859467722,1.35429302942449,1.16607102311387,0.461174107674745,1.06282108531948,0.822153538613581,1.53112274651951,0.617772181481637,1.21470211880502,0.777363487045844,1.1582903839079,0.884727021013388,1.22975190894098,1.33753646411616
ABP2,animate33,1.0537955601023,1.13056937174369,1.08508708705123,1.10992010089476,1.22085606847048,0.848240521139682,0.865221286405867,1.00674926792858,1.1853122551353,1.10221934662821,1.2219096109041,1.14435500182385,0.90831276921171,0.665941446010832,0.954451872371098,0.966990582129626,0.963059858218294,1.0075671273541,0.884453955558449,0.995023540537532,1.23056606656306,0.847840837888716,1.20640942484885,0.885898951216821,0.72825924559394,0.910919262550899,1.01232497330378,0,0.883848693723446,0.851503253504322,0.993632481049336,1.07635364585404,0.826372969208742,0.977605507610101,0.956454494880464,1.17963154086169,0.926539939471115,0.987543813049858,0.610748292921765,0.996717799495312,0.976768457264344,1.12022282376375,1.02601176281436,1.14022535590053,0.708273413388929,0.860868902150612,1.08696518928021,0.900455519176471,1.24216237634734,0.880723676761506,1.0810477702504,0.958777794946759,0.954993054451379,1.14018034246108,1.15316102870571,1.05534727291373,0.833393253359701,1.12086145611137,1.10522807697984,1.16517196552015
ABP2,animate34,1.14277548626719,0.949563290473462,1.144263852422,1.34147905954986,0.974632654631769,0.963088422783859,0.910871163127307,1.2054313157175,1.09900875777864,0.960028279436841,1.04826139826011,0.699827000519012,1.0258987398818,0.723736643043593,1.08245311171488,0.854264765366468,0.943623159383897,0.771654844596789,0.900975065521324,0.979029647918736,1.0224780636506,1.06921978661953,0.932008055151058,0.952295134824238,0.8922242970457,1.11205644544454,0.719358260999801,0.883848693723446,0,0.842187170963703,0.961273311264422,0.904436277462433,1.02982584987866,0.792539918390561,1.13765604938741,1.08620348923026,1.10928405970047,1.0400526224611,0.865538644753629,0.991277210192292,1.11524942853575,1.09679084352423,1.00814503271159,1.0036294512936,0.928258902744407,0.915540166378796,1.2908449402278,1.03917437979673,1.15368240852948,0.824372964736585,0.97303312086077,0.869100924096181,1.31420227921361,0.990867195704639,1.07778104841526,1.03282420331692,0.971044642606544,0.813623550243877,1.10901589164869,1.02602397031818
ABP2,animate35,1.17167230791255,1.1056279483174,1.12172179187748,1.21158063602337,0.983450332200266,1.05673076206774,0.998076739970903,1.13331017399524,1.09123001478187,1.03347669357069,1.05230545727154,0.798528928778323,1.07883177406945,0.788158561702558,1.15219015651372,0.9638387172629,0.930584996302423,0.780229422692339,0.855776549708992,1.02613436473813,1.03392102535872,0.918092385307239,1.15180779516351,0.883092242972347,0.961829357389436,1.07562017345504,0.79950184029649,0.851503253504322,0.842187170963703,0,0.82799962226141,0.976837538476243,0.780463617157189,0.703865707615027,1.00196216422657,1.02058005710367,1.11330090945082,1.07273019154459,0.858926105658034,0.983737700628346,1.02020362974043,0.981744235587863,1.00505867468828,0.92418748765112,0.813689451218861,0.927775674310502,1.23278512527687,1.08420740830769,0.940854149758972,0.951366915394678,1.0301099344734,0.868955315546544,1.16176780744461,1.03426017404921,1.05931909353313,1.02940361813248,1.0620882863284,0.895687810166873,0.981769089860459,1.13483274548664
ABP2,animate36,0.669067960298602,0.830314843160955,1.04684164754118,0.711097843409805,1.24755361029011,1.14771532193281,0.988102399796996,0.887034594799944,0.711175196297324,1.18986483443337,0.841484116300989,1.27813859722031,0.666598820301082,1.21553984880305,0.725457974320053,1.29992840794637,0.92934647940637,1.35060985311664,1.19598721921464,0.977064646348866,1.1650238361816,1.19861649058954,0.897556901784312,1.11075642501776,1.16188502986232,0.789348593465319,1.35173203866416,0.993632481049336,0.961273311264422,0.82799962226141,0,1.17706142897569,0.878208837206716,1.38924279704918,0.963690572049419,1.03367237928272,1.02788202406669,0.766552354408369,1.04264350229993,1.32570765126833,0.758311756224305,0.936736444625922,1.38899667154175,1.23640592449873,0.96740151418114,0.841168350419173,1.06099038535684,0.758089054010424,0.656073619527147,1.37008803747434,0.927145636490628,1.08355758225336,0.708421396674545,1.36378288007837,0.785955616419641,1.31032680617403,1.10284656343778,0.931044004566485,1.01328129816421,0.735912725587086
ABP2,animate37,1.35422919879553,0.733370381877233,1.23002725056233,1.42816690331033,0.904209173749485,0.935639646059084,1.05624919640612,1.11597550647594,1.166787183506,1.01384048306047,1.00606340820582,0.641406386153667,1.24966656029452,1.02138808314386,1.27757974515494,0.655820459077774,1.02642561994808,0.767788109215656,0.919229471281445,0.930761482685453,0.946717071384,0.97502855391364,1.09316448856295,1.14068504654245,0.758963254741493,1.19745275003326,0.502532669627179,1.07635364585404,0.904436277462433,0.976837538476243,1.17706142897569,0,1.04398870019795,0.819772083492958,1.12838460312248,1.07552738454457,0.906878723754234,1.20226370983087,1.02368510516625,0.817970797799835,1.11190989762487,1.07768958074414,0.506118349721359,0.964066275584089,1.02083249750957,1.08326272459603,1.08737925335988,1.20408110663927,1.05332877203682,0.801292556646163,1.1017706309512,0.992541861235174,1.3481072570369,0.791235506930115,1.06974488815063,0.946624156290271,1.1080411581485,0.953335193214683,1.1893904543559,1.11046340468397
ABP2,animate38,1.01208804396325,1.13643103326457,1.15718076869218,1.00267008522923,1.07355599075433,1.12751797812811,0.97700352610713,1.10858520186104,1.05923290564822,0.952711643243365,1.15744543925877,0.991286771064767,0.96210733341299,0.898132379930142,0.926182961986869,1.04752896138064,0.955172665535908,0.939188235370901,0.864168164106244,1.01100564342779,1.09243116671541,0.897853490124723,1.00694588450316,0.916842448614837,0.961121575869121,0.982171667544187,0.941930619416843,0.826372969208742,1.02982584987866,0.780463617157189,0.878208837206716,1.04398870019795,0,0.955742777134606,0.923071064583032,0.987737137335434,1.11433089958416,0.894152979356389,0.776903475562198,0.990674778506548,0.968456331590717,0.927609202870727,1.12486511535576,0.849848840218418,0.710549586791034,0.997393934219039,1.0848253677667,0.983378478189358,0.981910459135824,1.0047419956218,0.901930959237097,0.921930630330197,1.06809579136652,1.23620705113049,1.05274189615672,1.07855489283717,1.13846426593064,0.886774100528814,0.992859992384548,1.12799010963189
ABP2,animate39,1.63060373444126,1.29943891406901,1.07881874798808,1.57910223966478,0.671044619023225,0.967244702340047,1.06855653103693,1.35282692349919,1.18759779041838,0.690517223865934,1.28055966801288,0.527948604068373,1.47546728920157,0.728646026706645,1.54772572964741,0.52180252019535,1.09774421172921,0.410921630524132,0.678665978450624,1.09985240232104,0.924958000099187,0.777074835743337,1.21886793147575,0.730758525759166,0.887625027820686,1.40654958398758,0.43835789905109,0.977605507610101,0.792539918390561,0.703865707615027,1.38924279704918,0.819772083492958,0.955742777134606,0,1.28199634452832,0.927761575372692,1.1709792439261,1.38345085047708,0.870168266752004,0.529529706928575,1.32495701336064,1.01860512931491,0.557885407671513,0.67764262158667,0.943059085295801,1.06170454701491,1.12466664652947,1.41390278625521,1.13900936603287,0.553531937831833,1.04483292851064,0.584290849357504,1.53881555075552,0.529929505203478,1.33145503995473,0.732826323143207,1.02386702828265,1.07843692884539,1.1232913963921,1.24111108354496
ABP2,animate4,0.694193287719452,1.02069665999768,0.999192854224561,0.703946109089614,1.19290614097626,1.05625738200694,0.924804776988472,0.88967240262389,1.00996442960382,1.12548894980583,0.986511673315211,1.20565514728357,0.678843081767724,1.0351565184004,0.827029246638346,1.24087089316887,0.830364553518629,1.21773236718626,1.1016253593628,1.05436684954011,0.970118882976217,0.997717210913331,0.945270961828937,0.919012723466692,0.970501506296513,0.860925401805468,1.22124778030474,0.956454494880464,1.13765604938741,1.00196216422657,0.963690572049419,1.12838460312248,0.923071064583032,1.28199634452832,0,0.925066573827501,0.968515954976171,0.832490445391679,0.932184617178974,1.16120542333494,1.04775290502726,0.910515886669859,1.23527786722834,1.05281001997865,0.881330771387551,1.02408441901867,0.899307305572182,0.894338784997592,1.02666732698408,1.22661003743495,0.761056743230606,1.12643511131788,0.776029105373103,1.32322222208631,1.02762695507817,1.05340119371975,1.08004736031338,0.985866148509994,0.792006429659374,1.01042872306632
ABP2,animate40,0.914390060533446,1.04179349114392,0.966463675072466,0.917852798851692,0.914454692057304,1.18369821364735,1.02700167313363,0.97934575155993,0.943984556964221,1.01849248645828,0.906850748240325,0.933395370425624,0.86942066934997,0.91858988267102,1.13679665657833,1.06520895884309,0.997751289204994,0.912551268195563,1.07223413799166,0.93040589497337,0.846672651407478,1.04585803229814,1.07643842758528,0.950934665104131,1.22066124427593,0.896926869644783,0.993858026203478,1.17963154086169,1.08620348923026,1.02058005710367,1.03367237928272,1.07552738454457,0.987737137335434,0.927761575372692,0.925066573827501,0,1.24597602676125,1.00088914974644,1.13374650362988,1.008530402027,1.02521844065181,0.893254376147094,1.17194430979635,0.699313291024875,1.06189533476712,1.00846453316467,1.00992256899786,1.05336151169253,0.781007655528048,1.05337882304044,0.895816940143005,1.10215345759588,0.946221508192485,0.971852443654071,1.0523955750023,0.74041274236394,1.11248138817679,0.862701161794529,0.748335748091494,0.953708193809079
ABP2,animate41,0.982389886480995,1.03616559967628,0.88844522286895,1.03365687825083,1.12108690299476,0.730280737729818,1.02241606267222,0.86722394343519,1.10182126691504,1.2091833964567,0.939564145176084,1.05305302984804,1.21272947002719,1.04482798501684,0.927096891208798,1.046877083855,0.978370205439961,1.21150277013411,1.09747216455762,1.21964309007827,1.09491991075208,1.03522116647877,1.09081089434434,1.1971113108521,0.653716802826802,1.09857208675331,1.06870151560644,0.926539939471115,1.10928405970047,1.11330090945082,1.02788202406669,0.906878723754234,1.11433089958416,1.1709792439261,0.968515954976171,1.24597602676125,0,0.960391155414456,1.03572274580387,0.993249342145009,0.947858571460204,1.07168019225047,0.787757861810106,1.19863554875212,1.05161511852442,1.29801305085538,0.871388706220675,0.937590012649188,1.13169832808573,1.04413531497901,1.17288717290511,1.09790776226162,0.99675330350948,0.993588882176782,1.04480778029969,1.05596850866001,0.69408043098919,1.19139689562805,1.09718486291955,1.11418845147317
