Participant,LABEL,animate0,animate1,animate10,animate11,animate12,animate13,animate14,animate15,animate16,animate17,animate18,animate19,animate2,animate20,animate21,animate22,animate23,animate24,animate25,animate26,animate27,animate28,animate29,animate3,animate30,animate31,animate32,animate33,animate34,animate35,animate36,animate37,animate38,animate39,animate4,animate40,animate41,animate42,animate43,animate44,animate45,animate46,animate47,animate48,animate49,animate5,animate50,animate51,animate52,animate53,animate54,animate55,animate56,animate57,animate58,animate59,animate6,animate7,animate8,animate9
ABP2,animate0,0,0.807568053334766,1.0286622529045,0.31573247000012,1.25947452309267,1.26141198571219,0.954031880803552,0.617472697637012,0.702326675839883,1.20160629588166,0.804488548342427,1.44476635763912,0.359984624431571,1.26233576239048,0.582491133284612,1.49578206412403,0.803445351612598,1.57632333978083,1.40023525596169,0.831390079615939,0.987734939996833,1.10846390326453,0.980436945419314,1.05524327396761,1.32468705213073,0.500302077081594,1.61358636963283,0.988919809825941,1.14578834332758,1.22150038265745,0.555575975278716,1.35870340572741,0.906511967451008,1.66416384829486,0.525316035343453,0.882113018485999,1.14965683850554,0.487694715753394,1.22213510731023,1.46635631329911,0.732516438737791,0.935329496319416,1.60274213594889,1.15113182622672,1.00199131302811,0.763921878383652,0.978197303208903,0.656314736744691,0.672040217314997,1.49488217729005,0.784185472345744,1.41594850774301,0.406915488164853,1.54088592270338,0.687615197380427,1.21113788224362,1.11754003277343,0.837941221965868,0.718769621757877,0.575638990115583
ABP2,animate1,0.807568053334766,0,1.10930594860756,0.825691360577238,1.14136417243202,1.0525352463163,0.887257713839889,0.86745955109529,0.853573926135051,1.00083744188888,0.857555917081814,1.15957066944064,0.599169000099747,1.18790902149562,0.891482009300469,0.992009862751837,1.00987103018576,1.26343540512436,1.19999498288054,0.62024630764972,0.979397159806469,1.15014764278327,0.796750333350032,1.11465870884619,1.21363406925245,0.733769364734179,1.15775043540089,1.07876901326286,0.944862792687301,1.11563563145686,0.761109025196544,0.838636993926749,0.983528768349654,1.28188358854129,0.897816624916495,1.00318194599371,1.23881788790792,0.780606981282147,1.15921969118731,1.26294493683518,0.993243524673471,1.01600207960615,1.04247420432775,1.05414915579059,1.03786636942905,0.771873740047037,1.06700980842984,0.801246479572637,0.801312464778065,1.16225607511687,0.930497583034105,1.18350898528442,0.876196909919829,1.20181450378659,0.72762973707664,1.09762854840745,1.22049158528074,1.05966759241313,1.16682653604193,0.758377515991978
ABP2,animate10,1.0286622529045,1.10930594860756,0,0.860423613982266,0.950495125854021,1.09053560779292,1.10622386006005,1.08685167190035,1.11152868646291,1.05957388891732,1.00139665621746,0.945053164182085,1.09162390177034,1.00399132763279,1.14955808451634,0.896524439159884,1.05177664980228,1.04361353031122,0.970523822620219,0.957279634197391,0.90063885604979,0.840490250859133,1.01055259212573,1.06732560195051,0.953042178441216,1.19527189941925,1.19903871905256,0.99773370198551,1.09817250819853,1.0204703010786,1.13666368105108,1.13935311256858,1.09053852683844,0.936278131250788,1.00411185604598,0.985942407437873,0.821586693773289,1.03630774269309,1.14964953790197,0.864453793677698,0.999511291741971,1.00141874841852,0.86406084467297,0.932181270709632,1.06724407046905,1.04527329542027,1.02609827805696,1.12614778407892,0.949168917538269,1.07395427633472,0.883766085488639,0.871130891839851,1.05540782304187,0.977819310551574,1.15380518859985,1.05020591484468,0.789235586704904,1.07908581153422,1.02932446300744,0.931152853985226
ABP2,animate11,0.315732470000119,0.825691360577238,0.860423613982266,0,1.23933770143489,1.35641354116279,0.936455670277216,0.636711899629223,0.728084666138019,1.14065751096396,0.835426450017341,1.52877004962132,0.422147557667676,1.30517700998888,0.625507736616006,1.41677847652574,0.852841810411412,1.5523705264694,1.36872341349084,0.806792159498433,0.982740490828059,1.05473221971588,1.01472459156392,1.06457450623354,1.35955345920628,0.557415278686129,1.73269707440374,0.960114724453593,1.25567658128067,1.2479094232084,0.554218629810377,1.4210057006163,0.948096633341904,1.61581107807913,0.592143066710704,0.940244986808531,1.20303632035734,0.523299270643974,1.25726848407747,1.39988034802789,0.778469580523413,0.937946159267151,1.49022321797109,1.06542353305891,1.01988012180591,0.779420934341446,1.03424770855151,0.708955443453341,0.579910172215049,1.51463322174054,0.749294848102543,1.25177708914781,0.370115230142366,1.51093516549283,0.743657826721081,1.28942857254157,1.08752562843694,0.957792619536616,0.814626415742029,0.527519520485824
ABP2,animate12,1.25947452309267,1.14136417243202,0.950495125854021,1.23933770143489,0,0.87185733884484,1.07670729794189,1.20913632057316,1.04355776079242,1.00144216181717,1.03762962235663,0.622578425265209,1.26954589493017,0.970901089446156,1.18548197853345,0.888657923880644,1.04657830448283,0.691450380139859,0.83014033661509,1.07664875145477,0.903566605787211,1.00515507604411,1.09578849847463,0.941906696968383,1.0111205582167,1.30069658995962,0.766141457367812,1.23286033735212,1.08258130466926,0.984922325606459,1.27599215808354,0.814526620476125,1.12031645551356,0.700592509495245,1.13752870904898,0.948104524067221,0.936376870383142,1.23931037898699,1.07958837148493,0.858069720948806,1.12554803277405,1.13002243063889,0.819081423110186,1.11247889017663,1.095068595473,1.0759284670067,0.942419619032906,1.22558824544847,1.23789378882593,0.756750340448719,1.11695691289453,0.824588004820374,1.269759414372,0.802479034009657,1.17734232378222,0.722122311409682,1.03959484579738,0.902639192681918,0.991768199918456,1.1619339335832
ABP2,animate13,1.26141198571219,1.0525352463163,1.09053560779292,1.35641354116279,0.87185733884484,0,0.850683211379483,0.989367840198685,1.24553731157673,1.13248095079986,1.06030907075022,0.837214165363305,1.22327307095917,0.891749829593745,1.13375379768672,0.825822652936319,1.16253492018877,0.852086467663472,0.981704567677431,1.11932063214562,1.00813162278639,1.04269942545198,1.09528045415961,0.861934220456093,0.7943623874834,1.18805453984127,0.760858544878675,0.985479241488706,0.992924774859124,1.01411177116957,1.26469902440626,0.821960837486179,1.0662642191284,0.820532691276058,1.12505636185594,1.07049170540716,0.688682165263806,1.25971768397446,0.896309707483032,0.931430260258207,1.01944041218113,1.04246705006055,0.684335196277694,1.17277402411949,0.908482016972703,1.14511696547222,0.845435942049495,1.08734302005372,1.38031239655047,0.745339350851827,1.19814246655565,1.00762846962414,1.26002087231455,0.784936007584541,1.06023270646881,0.749936367325864,0.857638935425277,1.1459172161883,1.09348952624137,1.31613432704937
ABP2,animate14,0.954031880803552,0.887257713839889,1.10622386006005,0.936455670277216,1.07670729794189,0.850683211379483,0,0.919350586179312,0.969566654111329,1.07033881648,1.12081531657248,1.26548514728966,0.882703441519925,0.929219853535367,0.880166570862156,1.11508097159638,1.01524027002369,1.20923926196067,1.12070935894808,0.957902858314234,1.05354986961296,1.17180578074651,0.858653635597832,0.929711431172137,1.09584064827125,0.87549859441814,1.14597306764847,0.89895232804377,1.01587707064485,1.00263706743918,0.895788329251655,1.20866785457022,1.00017686660021,1.1538990301582,0.931374313290176,1.05463766730145,1.00756705126333,0.969983565854896,0.951146628318108,1.24937112318004,0.996010800694402,0.965326020761481,1.10244426740342,1.17781216974081,0.921145985449168,0.960465656953947,1.01094531542075,0.897307045767414,1.12552323399871,0.992953324706767,1.01309174882155,1.15455859712839,0.859145498804182,1.1712646728384,0.858530708072849,0.990815304045231,0.798831607732056,1.18947909174287,1.02385125015742,1.04853749497624
ABP2,animate15,0.617472697637012,0.86745955109529,1.08685167190035,0.636711899629223,1.20913632057316,0.989367840198685,0.919350586179312,0,0.934368418915406,1.13625975523307,0.735663331587657,1.37586961059811,0.64125258804237,1.24200903445006,0.812432535385301,1.17670382308932,1.02256824043365,1.30322138781777,1.23665067727586,0.87932366375944,1.03188796206107,1.14244749917555,1.02725545074281,0.929706651355992,1.14243372982303,0.714617799840362,1.36133103616377,0.978320915425345,1.10781869143497,1.10113007146571,0.803299986589089,1.17688835211761,0.996501779461704,1.33944453639529,0.829599094009613,0.977291073539882,1.00202552590569,0.71532262143858,1.07445493222803,1.33986298092572,0.807067030808731,0.839060171322362,1.18088492678299,1.07400420538738,0.973778937064071,0.874732521370736,0.970417485979097,0.794868680978142,0.930987040616977,1.23302306577295,1.00142153878301,1.27909009076533,0.687827823533973,1.25728882481294,0.75072547761251,1.16738765647883,1.1195647029409,1.05908607926473,0.906439728210009,0.868045534934311
ABP2,animate16,0.702326675839883,0.853573926135051,1.11152868646291,0.728084666138019,1.04355776079242,1.24553731157673,0.969566654111329,0.934368418915406,0,1.00929405491458,0.875047413040275,1.17959967947676,0.671046840365625,1.12429708455245,0.802207280559695,1.26241635562663,1.02246163757761,1.27065044118547,1.21418374850545,0.869661787317623,1.03268922771583,1.12461032786417,0.996520890904878,0.854636949309093,1.38174488442673,0.774343139643499,1.29288097213207,1.08844922695383,1.14256824543833,1.10386997944888,0.628949044135872,1.211831287051,0.915138367996671,1.17734149580648,0.913358843446946,0.822362330482642,1.27459728562757,0.750310559369466,1.18468022776572,1.20029428749681,0.929361211914996,1.01329367038825,1.37115746143449,0.967719342217516,0.995496829058036,0.736476142661264,1.05032417935118,0.820553881852303,0.637106280524938,1.25644823899153,0.850374650580031,1.08919125655448,0.776530862355594,1.20969172453118,0.901514715380059,1.06364009660022,1.26594441367716,0.917038772164748,0.884707076347633,0.70457400896443
ABP2,animate17,1.20160629588166,1.00083744188888,1.05957388891732,1.14065751096396,1.00144216181717,1.13248095079986,1.07033881648,1.13625975523307,1.00929405491458,0,1.18008476753654,1.00779963283844,1.05617035340868,0.934706503821079,1.02400075186543,0.944211523069768,1.11290475084387,0.837157906079397,0.741225604846373,0.953983563070174,0.988632279840983,0.915875470004403,0.934061707053469,0.917104568497565,1.1663476376886,1.07143777373715,0.878148436610066,0.968649819526183,0.992835806509494,1.00257357175218,1.07766461219338,1.02760553531892,0.866555704668841,0.808909496741685,1.13534152504772,0.951435343101387,1.3441328104581,1.05386376007544,0.911605778381764,0.852104749521591,1.10871792207577,0.919417105163374,1.04242318011993,0.802430652233533,0.979745156444762,0.956218123605833,1.04681906992597,1.0960385357942,1.00884026831173,0.873416654935243,0.955395775035597,0.819501028859778,1.05701768956007,0.8412926532498,1.03229375530479,0.994199915140647,1.19475138192874,1.10245716903777,1.19727415029307,0.985125050364488
ABP2,animate18,0.804488548342427,0.857555917081814,1.00139665621746,0.835426450017341,1.03762962235663,1.06030907075022,1.12081531657248,0.735663331587657,0.875047413040275,1.18008476753654,0,1.06167449485438,0.793336678119847,1.15784463950989,0.863133277285967,1.08604356070929,0.948253942301885,0.988701512335628,1.1266064134239,0.877163065147298,0.769050071458364,1.21816448290065,0.965671719308963,1.06734454310146,0.963048723938921,0.906121423716713,1.18159489670423,1.15217004086525,0.999524078368408,1.04991721781091,0.900485255632992,1.03804272817407,1.03323078373572,1.24764901481848,0.873779248056284,0.928976325217143,0.958003166111012,0.731942769651053,1.12984911659016,1.21664050768424,0.91683953559503,1.04535374503064,1.15742645371006,0.978764057667008,1.05423351325264,0.966652324821743,1.05724855202481,0.815705085694988,0.832952041691017,1.15109193919776,0.990325186237792,1.10838640203057,1.01651735881719,1.22501444150097,0.8319943066084,1.02869545051481,1.13233501662198,0.809465420228534,0.847108577078744,0.860271845459131
ABP2,animate19,1.44476635763912,1.15957066944064,0.945053164182085,1.52877004962132,0.622578425265209,0.837214165363305,1.26548514728966,1.37586961059811,1.17959967947676,1.00779963283844,1.06167449485438,0,1.46474489242438,0.713969004883903,1.34571778782727,0.758070433355761,0.980333570269113,0.406510863906647,0.665312120187679,1.10746942354256,0.956826984202196,0.955346799150873,1.10733992853277,1.06061725596632,0.737901532738186,1.41902897762127,0.439017139315962,1.21209921231719,0.741020147718641,0.784989822639803,1.38389912495521,0.549704545945903,1.10831558347207,0.516285159170368,1.24326089991533,0.998326371751024,0.81658439525327,1.43684770091242,0.995957749940463,0.636099373714706,1.32493308280458,1.10642780443945,0.595881386099344,0.888650090953119,1.06012166349412,1.25359213806732,1.12731477621224,1.33703969671841,1.2092067377498,0.710675323872977,0.999010519094851,0.661862301406197,1.63327323413544,0.605395996591552,1.44721905857056,0.769510278657372,0.978746472938214,0.75236535370174,1.00371481441445,1.31428645874246
ABP2,animate2,0.359984624431571,0.599169000099747,1.09162390177034,0.422147557667676,1.26954589493017,1.22327307095917,0.882703441519925,0.64125258804237,0.671046840365625,1.05617035340868,0.793336678119847,1.46474489242438,0,1.25938250851497,0.676809703223654,1.35011640711724,0.863165504281747,1.50018382709124,1.37811456679423,0.597035906479161,0.994341845479833,1.19849245592622,0.954386722302551,0.978512587928846,1.36680437943618,0.473038611609084,1.55103863375649,0.944765569801182,1.05832951915836,1.18499398218454,0.539799484709666,1.28818200960692,0.872827150004121,1.60886313664165,0.645191189118444,0.890581678231102,1.37197939142365,0.490374592107826,1.14668457016773,1.45137749831424,0.789644329130382,0.934894260671696,1.57761926411116,1.08793119888717,0.937499637747655,0.563153687346981,1.04207611901161,0.634021684162218,0.691392298113245,1.41965746505777,0.753226559501252,1.29914257135796,0.494833799344619,1.47368998684881,0.678060011114276,1.14411906906954,1.27498976932437,0.894816392726914,0.871941726506837,0.55140630428143
ABP2,animate20,1.26233576239048,1.18790902149562,1.00399132763279,1.30517700998888,0.970901089446156,0.891749829593745,0.929219853535367,1.24200903445006,1.12429708455245,0.934706503821079,1.15784463950989,0.713969004883903,1.25938250851497,0,1.15591913266825,0.841036336972729,0.966110408763797,0.727350155021675,0.830873557118624,1.11010068240029,1.08468483176711,1.07111449036423,1.10500995016026,0.963947849187765,0.819119665200304,1.17827472081754,0.734549158819905,0.703537533644694,0.800854760177295,0.902179119932444,1.24710892144725,0.916401599841,0.972789396852024,0.756756841575393,1.10181129473698,0.944060506067663,0.948911020822856,1.17103278728724,0.796441338012679,0.868654722329647,1.23871293888852,1.05037577589087,0.893592458889188,0.949325175812189,0.923050292205433,1.09493567121966,1.21316916048324,1.10013515325432,1.21323071529946,0.784765145084387,1.1107010177211,0.811797682035825,1.33870938532711,0.821889785787641,1.21206697479899,0.753106683951736,0.743333437442685,0.923067485882307,0.92973164309286,1.28534392110387
ABP2,animate21,0.582491133284612,0.891482009300469,1.14955808451634,0.625507736616006,1.18548197853345,1.13375379768672,0.880166570862156,0.812432535385301,0.802207280559695,1.02400075186543,0.863133277285967,1.34571778782727,0.676809703223654,1.15591913266825,0,1.38024104337022,0.930991084457153,1.38769429917276,1.18004890517994,1.01762341515152,0.993072549977645,1.14853177946301,0.894654226982591,1.15365843494613,1.15473146554352,0.606838272491223,1.43277642226397,0.932617698511481,1.04489945128901,1.14714376631031,0.636337509666214,1.25124988952613,0.920666031388226,1.49774385892818,0.803144760699599,1.04209007191031,1.11432113850989,0.572261112230147,1.026371437845,1.32519307289471,0.805166235109215,1.12188456323642,1.39691628600593,1.1870138128211,1.02995828734783,0.98062732376131,0.997058377722997,0.509536103608006,0.832472377167585,1.22315542639073,0.900551001877772,1.31848392313691,0.624193287252855,1.38950989375465,0.736354474047869,1.16210545272061,1.04422183014107,0.874105868088856,1.01190563760046,0.755088643975116
ABP2,animate22,1.49578206412403,0.992009862751837,0.896524439159884,1.41677847652574,0.888657923880644,0.825822652936319,1.11508097159638,1.17670382308932,1.26241635562663,0.944211523069768,1.08604356070929,0.758070433355761,1.35011640711724,0.841036336972729,1.38024104337022,0,1.2010672137095,0.606698215786455,0.89637414773916,1.02116056653093,1.00109273537893,0.898656566383087,0.991820809903444,0.917100131202359,0.857320090781868,1.35033511399906,0.638160610935713,0.956529761047806,0.815146946227213,0.938135062348165,1.34941589068264,0.692090756479723,1.05942851668712,0.529285796565961,1.30834730632713,1.10296599207513,0.954598456037399,1.2627836636013,0.974316903994601,0.678894482027208,1.17466209868076,1.02721423147395,0.461221632597373,0.867741051565296,1.00661182238091,1.03476550056101,1.02828949142418,1.27184717991449,1.25900925350739,0.717733700152215,1.12330846090871,0.74271660691715,1.44021682902577,0.62514671530327,1.29096755310267,0.863815998319304,1.02107564419883,1.06870740993205,1.20137857739673,1.22701291547562
ABP2,animate23,0.803445351612598,1.00987103018576,1.05177664980228,0.852841810411412,1.04657830448283,1.16253492018877,1.01524027002369,1.02256824043365,1.02246163757761,1.11290475084387,0.948253942301885,0.980333570269113,0.863165504281747,0.966110408763797,0.930991084457153,1.2010672137095,0,1.07358050310585,1.0606627995484,1.02904469575593,1.08081719005909,1.12034480635075,0.944615523450529,1.07096845171793,0.961511273555828,0.745003902191795,0.894563305170933,1.05272041236727,0.888140297165231,0.952760851408696,0.853351197493485,1.01578351383515,1.04572125981571,1.21932579318173,0.827505417303526,0.930480497237497,1.0836244810124,0.929110118943789,0.898072764515325,1.16329995679791,1.04087050763506,0.998964626882994,1.300033223845,1.16927989720951,0.974908837578235,0.938923125646063,1.15856590772469,0.952864810787882,0.947898753255676,0.997485981809155,0.935284737054345,1.06494473986031,0.873615638655508,1.21808852944463,1.03798059148311,0.996707811797868,1.11755321420755,0.82584405871759,0.918381477696689,0.954949350844787
ABP2,animate24,1.57632333978083,1.26343540512436,1.04361353031122,1.5523705264694,0.691450380139859,0.852086467663472,1.20923926196067,1.30322138781777,1.27065044118547,0.837157906079397,0.988701512335628,0.406510863906647,1.50018382709124,0.727350155021675,1.38769429917276,0.606698215786455,1.07358050310585,0,0.57385052946021,1.07592059284966,0.922369482074692,0.977134988435708,1.11231868499929,0.886845740025836,0.722108525997424,1.45723748185798,0.397994028691156,1.14372695764363,0.783783285297396,0.758899533863906,1.47339660032459,0.680464576879455,1.04007500142148,0.430699210225821,1.33135901453462,0.941514637616165,1.00401858361734,1.41284137013944,0.86087185990764,0.654147982392484,1.25332152463153,0.989682897680715,0.651771927478831,0.74310760665264,1.01549796297974,1.17447806013708,1.10442170021305,1.35725376535882,1.28860890683626,0.589954813776259,1.0875007602358,0.628220123698451,1.61914324604671,0.535631938443488,1.33789441013842,0.704475928670825,1.09679688015932,0.784554460662776,1.06432580281525,1.43074279212158
ABP2,animate25,1.40023525596169,1.19999498288054,0.970523822620219,1.36872341349084,0.83014033661509,0.981704567677431,1.12070935894808,1.23665067727586,1.21418374850545,0.741225604846373,1.1266064134239,0.665312120187679,1.37811456679423,0.830873557118624,1.18004890517994,0.89637414773916,1.0606627995484,0.57385052946021,0,1.12045820291695,1.01441537423678,0.841396050825935,0.860276979760209,1.03647243110893,0.936842026021697,1.34215788708407,0.656446475597698,1.06853297915059,0.873618730556055,0.890950504366705,1.32468299185321,0.841793954732128,0.971903637292625,0.683668222124238,1.18880600442834,1.02925519733377,1.03966373754762,1.28113498505248,0.827948954351901,0.721110051511515,1.07027396906993,0.961797771911359,0.821067124404607,0.79267384058474,0.979051419102954,1.22298375740412,0.997585358619119,1.31509491485475,1.17742651281556,0.769029327241192,1.06634881685573,0.744489947908573,1.35991134688794,0.740976656505141,1.17972944556911,0.914533927864039,1.07319872319272,0.960292912742708,1.12706364373588,1.30565568613785
ABP2,animate26,0.831390079615939,0.62024630764972,0.957279634197391,0.806792159498433,1.07664875145477,1.11932063214562,0.957902858314234,0.87932366375944,0.869661787317623,0.953983563070174,0.877163065147298,1.10746942354256,0.597035906479161,1.11010068240029,1.01762341515152,1.02116056653093,1.02904469575593,1.07592059284966,1.12045820291695,0,0.963644806521773,1.02547135678544,0.988164446889155,0.974563948221661,1.2725653300374,0.861161231247265,1.14991730378021,0.986816890611709,1.04391180691495,1.09227917282903,0.907346353294046,0.938332845706599,0.965688260923884,1.16932852421856,0.976208401383035,0.936682557785106,1.33945182506557,0.853952697547459,1.12369851397723,1.11483828492507,0.903409580045724,0.896771903076061,1.08915121661144,0.929937137353717,0.952788210695927,0.664215050035302,1.09478652911413,0.91313253156086,0.88915897155719,1.17205341517903,0.85656740560828,1.0905396444459,0.913482427493786,1.12514511800216,0.895261321148737,1.0547130566756,1.28015857846683,1.02564857757699,1.12583057622458,0.869227824024928
ABP2,animate27,0.987734939996833,0.979397159806469,0.90063885604979,0.982740490828059,0.903566605787211,1.00813162278639,1.05354986961296,1.03188796206107,1.03268922771583,0.988632279840983,0.769050071458364,0.956826984202196,0.994341845479833,1.08468483176711,0.993072549977645,1.00109273537893,1.08081719005909,0.922369482074692,1.01441537423678,0.963644806521773,0,0.986930068368273,1.0004860514421,1.08303375434271,0.954672912924046,1.03052144195681,1.0624592427727,1.14486602253352,0.99843469948153,1.02573327557882,1.13185095435725,0.995982960994091,1.12203325498663,1.07241359349025,0.919029500535078,0.980622336914746,0.94899331488211,0.842682302388336,1.11227520390886,1.03163436860316,0.859117747947533,1.17915242794862,1.02912727915703,0.870456718189962,1.19874348224676,1.11035127435126,0.97677198122335,0.954194923695817,0.977209804316533,0.889823058737118,0.930836630127077,1.02392954878835,1.00345749694377,1.04845941712836,0.955297673964324,0.976944223172436,0.981319483403699,0.873441751622295,0.943591193489461,0.957653884255196
ABP2,animate28,1.10846390326453,1.15014764278327,0.840490250859133,1.05473221971588,1.00515507604411,1.04269942545198,1.17180578074651,1.14244749917555,1.12461032786417,0.915875470004403,1.21816448290065,0.955346799150873,1.19849245592622,1.07111449036423,1.14853177946301,0.898656566383087,1.12034480635075,0.977134988435708,0.841396050825935,1.02547135678544,0.986930068368273,0,1.03152285480489,1.06780580129378,0.966245334171793,1.25560269458921,0.982334806596645,1.01375341524848,1.14642762691899,1.04928964358439,1.19253249007014,0.973312375280517,1.05711290450402,0.833607222522976,0.982979436387412,1.0044648730004,1.01694822812395,1.20494952430748,1.04645085911652,0.724136165409618,0.849922649186533,1.02052748136463,0.883428140317734,0.872381672142668,0.941895879871005,1.03793227245492,0.770709035419647,1.24850081449184,1.0631313922235,0.947648376766991,1.03540274868993,0.925118509167801,0.98553524743341,0.849332127071955,1.0975769838377,1.00358786559437,0.997916143944847,1.13793762948451,1.13322483389298,1.08341877709905
ABP2,animate29,0.980436945419314,0.796750333350032,1.01055259212573,1.01472459156392,1.09578849847463,1.09528045415961,0.858653635597832,1.02725545074281,0.996520890904878,0.934061707053469,0.965671719308963,1.10733992853277,0.954386722302551,1.10500995016026,0.894654226982591,0.991820809903444,0.944615523450529,1.11231868499929,0.860276979760209,0.988164446889155,1.0004860514421,1.03152285480489,0,1.04986277073787,1.17381509284085,0.996040526476059,0.989319946769568,1.12749996875957,0.903098083162785,1.03331166638578,0.954697135199936,1.07307006635844,0.959600543936125,1.09519127487407,0.965191670466066,0.970033231134676,1.19128714111465,0.960123525454904,0.90295427405331,1.15023099318063,1.01410621529571,0.990249522857324,1.10350147416437,0.961144905449818,1.02602722021918,0.943038561707352,1.05914729502515,0.962929443125463,0.901432009485683,1.05204956769507,1.0559407715445,1.12784141656587,1.02588868653,1.10524457521089,0.851759071572681,1.08192865318864,1.21696179928159,1.05753160143668,1.07200306642117,0.947183093211444
ABP2,animate3,1.05524327396761,1.11465870884619,1.06732560195051,1.06457450623354,0.941906696968383,0.861934220456093,0.929711431172137,0.929706651355992,0.854636949309093,0.917104568497565,1.06734454310146,1.06061725596632,0.978512587928846,0.963947849187765,1.15365843494613,0.917100131202359,1.07096845171793,0.886845740025836,1.03647243110893,0.974563948221661,1.08303375434271,1.06780580129378,1.04986277073787,0,1.19560594108526,1.07185783649187,0.877108968589022,0.999097489386032,1.02298646757623,0.954934253153666,1.08899674610345,1.14936589117645,0.918930537478022,0.728885663563866,1.01543136209769,0.863133553414428,1.17014548970801,1.04627953608777,0.958692834638479,0.963133997456844,1.07203481212334,0.866379605181329,1.06034855187649,0.985239638814434,0.907982326836881,0.809769640552688,0.979003913996697,1.1117484316688,1.14745169561357,0.920725087347502,0.927782209486861,0.949292887660081,1.04327293848458,0.8882612578909,1.20837395165983,0.928472144552461,1.24565762972253,1.09535204898501,1.01877273559617,1.12230022998121
ABP2,animate30,1.32468705213073,1.21363406925245,0.953042178441216,1.35955345920628,1.0111205582167,0.7943623874834,1.09584064827125,1.14243372982303,1.38174488442673,1.1663476376886,0.963048723938921,0.737901532738186,1.36680437943618,0.819119665200304,1.15473146554352,0.857320090781868,0.961511273555828,0.722108525997424,0.936842026021697,1.2725653300374,0.954672912924046,0.966245334171793,1.17381509284085,1.19560594108526,0,1.27758973159133,0.704480423414718,0.859983369185195,0.839345801781042,0.896446999505226,1.24817910877565,0.781828944228296,1.10036114553249,0.868377452833414,1.08459267756364,1.18415592550516,0.506795793758382,1.26486662494109,0.787200913423835,0.816393459358109,1.16321934676606,1.12572131417293,0.706493470625828,1.07985839089126,1.02774776845415,1.31993299840223,0.982986323823839,1.12152850570177,1.23870943533461,0.723519234196214,1.14999314565877,0.842928999869227,1.35643829013425,0.809679258122426,1.12429202171382,0.822507762248287,0.621795966328606,0.97701627226793,1.04316842017999,1.21687532608558
ABP2,animate31,0.500302077081594,0.733769364734179,1.19527189941925,0.557415278686129,1.30069658995962,1.18805453984127,0.87549859441814,0.714617799840362,0.774343139643499,1.07143777373715,0.906121423716713,1.41902897762127,0.473038611609084,1.17827472081754,0.606838272491223,1.35033511399906,0.745003902191795,1.45723748185798,1.34215788708407,0.861161231247265,1.03052144195681,1.25560269458921,0.996040526476059,1.07185783649187,1.27758973159133,0,1.37082237894325,0.874770880377604,1.05270344639251,1.12873616282641,0.569291854807235,1.26382717544015,0.951778352977072,1.5165433723691,0.83447159628256,0.970870220148163,1.25735797986586,0.569912620483316,1.08870145120871,1.42392391329384,0.745193210242158,1.04367121314921,1.4883070665444,1.16347050973886,0.97661005461121,0.732843182321872,0.984318628306009,0.585019621854756,0.755195603896441,1.16303958184149,0.858492180788389,1.26681921218937,0.416025906223728,1.39982128212095,0.758022864389298,1.17333123352492,1.09167183712406,0.858691619896028,0.915117420446052,0.658733846573158
ABP2,animate32,1.61358636963283,1.15775043540089,1.19903871905256,1.73269707440374,0.766141457367812,0.760858544878675,1.14597306764847,1.36133103616377,1.29288097213207,0.878148436610066,1.18159489670422,0.439017139315962,1.55103863375649,0.734549158819905,1.43277642226397,0.638160610935713,0.894563305170933,0.397994028691156,0.656446475597698,1.14991730378021,1.0624592427727,0.982334806596645,0.989319946769568,0.877108968589022,0.704480423414718,1.37082237894325,0,1.13013272246688,0.724963766253794,0.77299244306838,1.4697984693612,0.497229889145003,1.07362280940933,0.428433501718181,1.33073969064567,1.00733210908932,0.884054396471442,1.49789162839835,0.75290191029175,0.639781692024709,1.32029741592963,0.988756113362108,0.582786241881619,0.880973476010981,0.977677004738496,1.21091004835825,1.0960246356464,1.34772727863754,1.33669240413962,0.497496251621424,1.18261832235849,0.784216782223975,1.59159673521661,0.525372710375406,1.30559766468412,0.755003483310323,1.08140471347226,0.995663895459055,1.18382595119748,1.47350756568601
ABP2,animate33,0.988919809825941,1.07876901326286,0.99773370198551,0.960114724453593,1.23286033735212,0.985479241488706,0.89895232804377,0.978320915425345,1.08844922695383,0.968649819526183,1.15217004086525,1.21209921231719,0.944765569801182,0.703537533644694,0.932617698511481,0.956529761047806,1.05272041236727,1.14372695764363,1.06853297915059,0.986816890611709,1.14486602253352,1.01375341524848,1.12749996875957,0.999097489386032,0.859983369185195,0.874770880377604,1.13013272246688,0,0.992975452662066,1.0665299253883,0.989071797265767,1.1429164618952,0.872054686546746,1.0835688456272,1.04891620994979,1.15947991199334,1.00224207183547,0.893585264271765,0.707296025960238,1.0744125101156,0.928505432755862,0.976143151650809,1.01478403195732,1.06239947113293,0.88316165753162,0.918315894802516,1.08172389035268,0.915139653791907,1.12371154237549,0.949396397928412,1.02014596191403,0.98549226914719,0.871243699708713,1.05378435397579,1.05074009929617,1.07271506543582,0.785738916784341,1.09006113687151,1.04413072134697,1.0412740208217
ABP2,animate34,1.14578834332758,0.944862792687301,1.09817250819853,1.25567658128067,1.08258130466926,0.992924774859124,1.01587707064485,1.10781869143497,1.14256824543833,0.992835806509494,0.999524078368408,0.741020147718641,1.05832951915836,0.800854760177295,1.04489945128901,0.815146946227213,0.888140297165231,0.783783285297396,0.873618730556055,1.04391180691495,0.99843469948153,1.14642762691899,0.903098083162785,1.02298646757623,0.839345801781042,1.05270344639251,0.724963766253794,0.992975452662066,0,0.868292213985476,1.05951455761121,0.853661380348023,1.09029850183839,0.87093808848273,1.09708251788053,1.10256597719248,1.01472995876584,1.05014769681459,0.918994172916749,0.995042971141808,1.16630307367106,1.12144170786603,0.951913758817118,1.00135646211285,1.08221326160431,1.13541598122035,1.225354115725,0.992550045900776,1.07025675409128,0.855482878335703,1.05660691538667,0.919971421386099,1.29820517772279,0.956728704309893,1.11133210180232,1.00596902668151,0.97898033506813,0.854662672398445,1.025171561759,1.01041857506435
ABP2,animate35,1.22150038265745,1.11563563145686,1.0204703010786,1.2479094232084,0.984922325606459,1.01411177116957,1.00263706743918,1.10113007146571,1.10386997944888,1.00257357175218,1.04991721781091,0.784989822639803,1.18499398218454,0.902179119932444,1.14714376631031,0.938135062348165,0.952760851408696,0.758899533863906,0.890950504366705,1.09227917282903,1.02573327557882,1.04928964358439,1.03331166638578,0.954934253153666,0.896446999505226,1.12873616282641,0.77299244306838,1.0665299253883,0.868292213985476,0,0.968267368663162,0.956707149137033,0.949812606168491,0.745673418952958,1.148580170743,1.05832522590064,0.943984798936099,1.20836934824453,0.939822696079198,0.933770554106135,1.14168714871232,0.977442683482985,0.930983363176421,1.02459566379715,1.02941772096447,0.986374260035238,1.17483772413991,1.16460662457621,0.993419096845342,0.947589120483843,1.09814118566569,0.843790746006042,1.22891405213272,0.936137467143761,1.11728962150523,0.985415961587897,0.909523889556792,0.983153426367688,0.906609991135674,1.15889831905128
ABP2,animate36,0.555575975278716,0.761109025196544,1.13666368105108,0.554218629810377,1.27599215808354,1.26469902440626,0.895788329251655,0.803299986589089,0.628949044135872,1.07766461219338,0.900485255632992,1.38389912495521,0.539799484709666,1.24710892144725,0.636337509666214,1.34941589068264,0.853351197493485,1.47339660032459,1.32468299185321,0.907346353294046,1.13185095435725,1.19253249007014,0.954697135199936,1.08899674610345,1.24817910877565,0.569291854807235,1.4697984693612,0.989071797265767,1.05951455761121,0.968267368663162,0,1.28651742597737,0.89545203987172,1.43164233583447,0.863850424165069,1.01720097570131,1.18775113316677,0.639905908493129,1.11278896097203,1.32857850103675,0.831602521886905,0.998967484884633,1.42995908232213,1.19064356584513,1.00779713607786,0.755137848710965,1.05888900456067,0.69987118544215,0.481103389197252,1.40528515757192,0.821751099920285,1.18500395215783,0.562395565947098,1.42170829405287,0.748662465191656,1.27507048482913,1.11077839818976,0.934179171422146,0.980017968990096,0.589038317029862
ABP2,animate37,1.35870340572741,0.838636993926749,1.13935311256858,1.4210057006163,0.814526620476125,0.821960837486179,1.20866785457022,1.17688835211761,1.211831287051,1.02760553531892,1.03804272817407,0.549704545945903,1.28818200960692,0.916401599841,1.25124988952613,0.692090756479723,1.01578351383515,0.680464576879455,0.841793954732128,0.938332845706599,0.995982960994091,0.973312375280517,1.07307006635844,1.14936589117645,0.781828944228296,1.26382717544015,0.497229889145003,1.1429164618952,0.853661380348023,0.956707149137033,1.28651742597737,0,1.1038731409936,0.761108378562069,1.16482585078529,1.11036886031298,0.870153826949858,1.28898474773117,0.99974021742806,0.771854594643949,1.1800008150694,1.05871945741922,0.512715960674663,0.942630974197942,0.985759376690232,1.17268406466442,1.0282614722442,1.20335863171692,1.18931405149118,0.790623822402281,1.14052645462244,0.92970475377096,1.43226834246031,0.72412151282891,1.19463154871191,0.886233918841349,1.1002528523292,0.965540972521737,1.2045314206944,1.22903417964399
ABP2,animate38,0.906511967451008,0.983528768349654,1.09053852683844,0.948096633341904,1.12031645551356,1.0662642191284,1.00017686660021,0.996501779461704,0.915138367996671,0.866555704668841,1.03323078373572,1.10831558347207,0.872827150004121,0.972789396852024,0.920666031388226,1.05942851668712,1.04572125981571,1.04007500142148,0.971903637292625,0.965688260923884,1.12203325498663,1.05711290450402,0.959600543936125,0.918930537478022,1.10036114553249,0.951778352977072,1.07362280940933,0.872054686546746,1.09029850183839,0.949812606168491,0.89545203987172,1.1038731409936,0,1.05725739090807,0.947024103805616,0.963714196419589,1.19613618913052,0.881706072999756,0.896713363769899,1.05906780095537,1.0047663578242,0.739612697228826,1.11920458454329,0.91817637602485,0.757488305952837,0.950209454049056,0.978040031669475,0.978245357908677,0.94217082977115,1.11459878850022,0.858380117950253,1.02424206035551,0.982234586962096,1.27281893878319,0.938610664424575,1.06439011715245,1.16865119275036,1.02955331963258,0.955200809268975,0.978537272214775
ABP2,animate39,1.66416384829486,1.28188358854129,0.936278131250788,1.61581107807914,0.700592509495245,0.820532691276058,1.1538990301582,1.33944453639529,1.17734149580648,0.808909496741685,1.24764901481848,0.516285159170368,1.60886313664165,0.756756841575393,1.49774385892818,0.529285796565961,1.21932579318173,0.430699210225821,0.683668222124238,1.16932852421856,1.07241359349025,0.833607222522976,1.09519127487407,0.728885663563866,0.868377452833414,1.5165433723691,0.428433501718181,1.0835688456272,0.87093808848273,0.745673418952958,1.43164233583447,0.761108378562069,1.05725739090807,0,1.41901224284613,0.964427638687881,0.94144405885857,1.50261342977395,0.935017414258353,0.494442207274278,1.31758503402136,0.987025071913341,0.481019325676737,0.81948770571215,1.03977521350236,1.12825615826249,1.01995356334372,1.41201560375206,1.26769492053144,0.558894714930668,1.14816342185751,0.571372732790471,1.56781500216383,0.444088655192215,1.3864153764874,0.788836420389005,0.975300156459052,1.17041651541601,1.18729741627976,1.3671672753539
ABP2,animate4,0.525316035343453,0.897816624916495,1.00411185604598,0.592143066710704,1.13752870904898,1.12505636185594,0.931374313290176,0.829599094009613,0.913358843446946,1.13534152504772,0.873779248056284,1.24326089991533,0.645191189118444,1.10181129473698,0.803144760699599,1.30834730632713,0.827505417303526,1.33135901453462,1.18880600442834,0.976208401383035,0.919029500535078,0.982979436387412,0.965191670466066,1.01543136209769,1.08459267756364,0.83447159628256,1.33073969064567,1.04891620994979,1.09708251788053,1.148580170743,0.863850424165069,1.16482585078529,0.947024103805616,1.41901224284613,0,0.977821152015829,1.02001378148629,0.757830572906446,1.08003608582417,1.23695412316104,0.918142666652305,0.918268178423039,1.34693865364308,1.06221195880321,0.908650378015592,1.03552426146517,0.957219347805083,0.875062414495194,0.834069891046718,1.37360284743658,0.694673711143939,1.24122823646424,0.712985112743218,1.34773060371943,0.849622394285417,1.11054051076519,1.01214423434204,0.961671823244338,0.787556538778239,0.830126746787068
ABP2,animate40,0.882113018485999,1.00318194599371,0.985942407437873,0.940244986808531,0.948104524067221,1.07049170540716,1.05463766730145,0.977291073539882,0.822362330482642,0.951435343101387,0.928976325217143,0.998326371751024,0.890581678231102,0.944060506067663,1.04209007191031,1.10296599207513,0.930480497237497,0.941514637616165,1.02925519733377,0.936682557785106,0.980622336914746,1.0044648730004,0.970033231134676,0.863133553414428,1.18415592550516,0.970870220148163,1.00733210908932,1.15947991199334,1.10256597719248,1.05832522590064,1.01720097570131,1.11036886031298,0.963714196419589,0.964427638687881,0.977821152015829,0,1.21272037808456,0.935112900091709,1.11442106893132,1.00487071533706,0.983134229131437,0.908150157286381,1.18213423883852,0.859315452765381,1.04963429109579,0.842903160510232,1.00620434246144,0.970495002777594,0.914949929392553,0.996973664661537,0.913940449033217,0.982987821991334,0.972826735542808,1.02932366836055,1.03901982238325,0.764739002107676,1.25255380297386,0.940283068578221,0.883155696939863,0.98082065102542
ABP2,animate41,1.14965683850554,1.23881788790792,0.821586693773289,1.20303632035734,0.936376870383142,0.688682165263806,1.00756705126333,1.00202552590569,1.27459728562757,1.3441328104581,0.958003166111012,0.81658439525327,1.37197939142365,0.948911020822856,1.11432113850989,0.954598456037399,1.0836244810124,1.00401858361734,1.03966373754762,1.33945182506557,0.94899331488211,1.01694822812395,1.19128714111465,1.17014548970801,0.506795793758382,1.25735797986586,0.884054396471442,1.00224207183547,1.01472995876584,0.943984798936099,1.18775113316677,0.870153826949858,1.19613618913052,0.94144405885857,1.02001378148629,1.21272037808456,0,1.18070933280666,1.05625468791076,0.861020222123941,1.05005779728924,1.10902758851199,0.636158608589097,1.15200541033228,1.06698354849976,1.39427903143024,0.894676223908203,1.09679230096898,1.19522157075886,0.943874662188529,1.16683682823608,1.04882619248664,1.17612107664112,0.877180338894006,1.11488363444163,0.994439507002087,0.493878015239663,1.0884594750021,0.957025528853433,1.19535027825316
