Participant,LABEL,inanimate0,inanimate1,inanimate10,inanimate11,inanimate12,inanimate13,inanimate14,inanimate15,inanimate16,inanimate17,inanimate18,inanimate19,inanimate2,inanimate20,inanimate21,inanimate22,inanimate23,inanimate24,inanimate25,inanimate26,inanimate27,inanimate28,inanimate29,inanimate3,inanimate30,inanimate31,inanimate32,inanimate33,inanimate34,inanimate35,inanimate36,inanimate37,inanimate38,inanimate39,inanimate4,inanimate40,inanimate41,inanimate42,inanimate43,inanimate44,inanimate45,inanimate46,inanimate47,inanimate48,inanimate49,inanimate5,inanimate50,inanimate51,inanimate52,inanimate53,inanimate54,inanimate55,inanimate56,inanimate57,inanimate58,inanimate59,inanimate6,inanimate7,inanimate8,inanimate9
ABP2,inanimate0,0,1.37683917402734,1.0512366444146,1.0424073058284,0.698646471567782,0.420431594041458,0.697238680269273,0.805514297995714,0.902420143607645,0.762236699989283,1.1122617639813,0.997694622775259,1.13406396760318,0.823557371314096,0.837179311358592,0.677411636496143,1.07304049933577,0.956139915845474,0.814552690215442,0.384146031788653,0.954177406663983,0.808921336488471,1.07278179701265,1.15574754774092,1.24965921990554,0.761791228940317,0.680791174135081,0.747283253121764,0.405535040512591,1.06693347363772,1.22253487610261,0.96364780606859,0.986823936139011,0.573263268923284,1.29745236689069,1.33468297563629,0.700958258304925,1.20480117446333,0.850233180905655,0.753357372560375,1.4689575574887,0.880112065315571,1.1464852813906,0.876654866399599,0.876719814593132,0.866135204481145,0.466715452278064,0.809545541883778,0.945543804062385,1.18867747200992,1.05055285655983,0.668015331392829,0.45768338848899,1.24135542469954,1.19936391618682,0.578137135429173,0.659285290535782,0.908986455458991,1.33933304371899,0.480572612907512
ABP2,inanimate1,1.37683917402734,0,1.19639471119769,1.19910944837583,1.19882739706006,1.07541766312327,1.1102267480208,1.34287244441198,1.29638847112553,1.43857280452332,0.473369007615613,1.11378400504041,1.02032951624683,1.13913602269044,0.970982880106371,1.38488503803168,1.16361810689215,0.660659448839699,1.2008044684567,1.3569590331621,0.978799644044286,1.08286785181603,0.389555324278255,0.652989917590058,0.522823427287629,1.23907870955035,1.17521615456544,0.994931836562517,1.17948745747209,1.37063810076612,0.48570031756796,0.80265585087555,0.972129757029612,1.07338619337774,0.907431399837227,0.943492439229003,1.17440389164412,0.878457549054307,1.32618801940392,1.32311597182587,0.531166883736244,0.786391009608783,1.30320395934752,0.950454591252033,1.05118307444153,1.22605588338937,1.37935069597916,1.46408691499276,1.19107967905863,0.401633306850154,1.18402849279423,1.15294780952408,1.13981191581363,0.538156271664274,0.965801904472689,1.29032191190261,1.44501619483392,1.04790028714519,1.0743966552958,1.24670388999317
ABP2,inanimate10,1.0512366444146,1.19639471119769,0,0.955586315807863,0.912922924178057,1.07563498580193,0.940589914815071,0.91618567068563,0.798062910988904,0.917240284469987,1.1251624428627,1.04024029658445,1.14017247715296,1.14501372929905,1.05370286906773,1.06336688488501,0.889648354696665,1.11537962295534,0.865320177391564,0.885507103646443,1.09307602326199,0.951927718984691,1.16162776251374,1.09824218364056,1.1765000402744,1.0769005658013,0.887138743846452,1.08730874813959,1.20462869828815,0.765337924947718,1.08073892570122,1.00469882529906,1.03485930519413,1.02808200197831,1.10555491778889,0.648954220742186,0.882061631234688,1.10888231661634,0.852410998256503,1.01285242189426,1.1085900561734,0.90768027404182,0.964056793449895,1.09443392201284,0.86305520660515,0.85336633394906,1.05269250508547,0.98440606798452,0.669297874923229,1.05767066463419,1.00883057510762,0.835302876456129,1.08366416957584,1.07374605506243,0.954404671826004,1.04982737635957,1.05582336852012,0.984632156159272,0.971791105052139,1.00860951774412
ABP2,inanimate11,1.0424073058284,1.19910944837583,0.955586315807863,0,1.01438249498594,1.10841059804918,1.09433833777271,0.824302644210825,0.817904853760817,0.923937222539805,1.34108230148964,1.02425372575724,0.845050298668672,1.111885988081,1.08881367505337,0.982206389152982,0.667264678987724,1.33761372891907,0.962435767694303,1.08526043573161,1.12992429947372,0.824184993859137,1.26544967513352,1.21844222712015,1.18889091464391,0.922802198898486,1.15824644117288,0.949841144924085,1.24314306532918,0.781144260840194,1.20544342701078,1.27354875561313,1.02635182534197,1.16464984852477,0.979913072670125,0.86865351806627,1.13626731480423,0.835252754833271,0.90530136860696,0.835580510125636,1.04434457062526,1.25527038422924,0.724342065047259,1.17124947946572,1.06368018629518,0.933526814703882,1.15061536320856,0.896261503555875,0.820552416566979,1.23292343077811,0.936138985540252,1.13416078990795,1.17738870970257,1.10890323461906,0.952488307849235,1.21387087239748,0.726885261306693,1.03204333578362,0.862698983237862,1.08399814496707
ABP2,inanimate12,0.698646471567782,1.19882739706006,0.912922924178057,1.01438249498594,0,0.781238936616207,0.758795311955887,0.943310867341569,0.893035130568405,0.875945049730885,0.97114583996093,1.05727582793584,1.13212044675414,0.998115359040111,0.960035187723549,0.776376522973538,0.904360471290795,0.995166939849312,0.915959133437525,0.70266041656812,0.974233802001475,0.817323831501314,1.03558538218001,1.1495573530453,1.15484390439935,0.962835825664774,0.832620151567461,0.919939003506568,0.640175318075297,0.980083351414783,1.14479923391077,0.933463983002222,0.934582275559087,0.759545045438338,1.20425203812192,1.11156270212911,0.862030905301856,1.24691565546857,0.898407277168039,0.830142190303504,1.22045851097296,0.978646204057212,1.13653827906952,1.18091798065496,0.78372557327671,0.806663120481117,0.790701549318092,0.928531556223679,0.993121965973608,1.11120479321898,1.11186374130859,0.738208260953728,0.867726280252012,1.09287811382515,1.04582189389692,0.616914069973241,0.819495292684075,1.03790590641566,1.28295572566996,0.603479760569005
ABP2,inanimate13,0.420431594041458,1.07541766312327,1.07563498580193,1.10841059804918,0.781238936616207,0,0.726592677405273,1.02932360783297,1.0480609536123,0.94732722799591,0.883026877645295,1.00075564355358,1.16520162937281,0.835911205591341,0.902973178131022,0.755382852874723,1.26607068560557,0.816500549550457,0.892746626353283,0.494986045608336,0.885825945210998,0.84781485681994,0.836927194961164,0.972261196079555,1.0553037554906,0.820601487960067,0.646850443310476,0.662430777511113,0.458347618495665,1.12269216823396,0.967133276715178,0.843630946508675,0.913779812123893,0.506362968500386,1.19521300249155,1.38489072847973,0.714426700217047,1.14558682267926,0.934639640134048,0.89507051314872,1.20083360367365,0.761867513607059,1.32177334264284,0.857205473462549,0.897660939235205,0.916717312018935,0.67584213744638,0.946820154108555,1.07862862163796,0.961596923462781,1.16148677650442,0.700365973871279,0.546493756185559,0.962609243088139,1.25629952447441,0.624800402488425,0.841366777325645,0.884395844682365,1.4162019967951,0.645587343441958
ABP2,inanimate14,0.697238680269273,1.1102267480208,0.940589914815071,1.09433833777271,0.758795311955887,0.726592677405273,0,0.974429630502145,1.03929280717238,0.93629321608506,0.944761464326091,1.10859775934543,1.18315876516552,0.998778255065763,1.07660468221526,0.819356144215846,1.06773740561931,0.927167157358862,0.782871515726151,0.647032371997042,0.881751567977503,0.911673439811764,1.01088096353377,0.965530644569327,1.15290098277835,1.0564420143566,0.61036614121193,0.856530927775004,0.665081871421738,0.985914092379436,1.05814308499317,0.854601308414691,0.901476258714332,0.645582696096998,1.32898425717954,1.18039218359575,0.801080957953358,1.1156980778194,0.933639959010057,0.775310896819742,1.1257799697012,0.812414073559884,1.15058490388103,1.07412477283621,0.879550245775919,0.754568701050724,0.787060955661594,1.02791054099534,1.0848510062994,1.01397794270347,1.12488718976487,0.790959919011512,0.698847562798204,0.918658932313146,1.16956799770606,0.726670327171527,0.924997270613506,0.956944660686895,1.32892494443096,0.681942617156837
ABP2,inanimate15,0.805514297995714,1.34287244441198,0.91618567068563,0.824302644210825,0.943310867341569,1.02932360783297,0.974429630502145,0,0.842328126439707,0.878269611323683,1.21727872641859,1.07015685394837,0.963843479854491,0.854134632868383,0.962845193381078,0.949810170014132,0.959636484151049,1.0924245299814,0.884564166602805,0.863847440078785,1.17549748286815,1.03517600392343,1.2223624135011,1.07869462882317,1.21603895722978,0.722052074851078,0.926199687138211,0.984933322015151,1.01986869482553,0.886420033951854,1.29539917463665,1.27268271468638,1.0873762930722,1.12720381547459,1.06733474865583,0.950108523430228,0.904151803889727,1.06870546018812,0.849763056980441,0.851712541993814,1.30489047211403,1.04920230481382,0.816253297953891,1.00181215348694,1.1612207764414,1.03677011299336,0.852254574672098,0.750602550006985,0.736698848237051,1.23964090707116,0.832246491631796,1.02670253454365,0.910668103721053,1.31780718250629,0.99979405130475,1.06295795278765,0.877429934228994,0.947740853188468,0.718572075879565,0.844327941476792
ABP2,inanimate16,0.902420143607645,1.29638847112553,0.798062910988904,0.817904853760817,0.893035130568405,1.0480609536123,1.03929280717238,0.842328126439707,0,0.6126994318779,1.28886947041549,0.656687217612629,0.932422291817561,1.1264333891369,1.01877610819542,0.983548697850074,0.636684902505286,1.33952244240165,1.00591766350703,0.88697723801839,1.11160410997128,0.852541312542013,1.3560217072723,1.33218796363955,1.36582281858985,0.99030675744533,1.1388871261915,1.0050997909789,1.09185092947992,0.820847814598012,1.27132540853113,1.28645989737939,1.0466211133694,1.05118288919116,1.07244675733354,0.904175675641725,1.08611213847219,1.12039634641549,0.742257722522489,0.89745510084325,1.22086201181396,1.27546808935386,0.9121300548716,1.1675357339563,0.964735415374436,0.770834802002416,1.08291179952097,0.991363492077609,0.873350932650551,1.29035438567459,0.98206794024705,0.86502767315116,1.08004774228831,1.26881807414947,0.77572735447354,1.03531738002923,0.81166891588427,1.06239728233823,0.973769356814204,0.939912876871683
ABP2,inanimate17,0.762236699989283,1.43857280452332,0.917240284469987,0.923937222539805,0.875945049730885,0.94732722799591,0.93629321608506,0.878269611323683,0.6126994318779,0,1.43341797285215,0.602504481295761,1.03567128750227,1.18990107231123,1.17282098462437,0.785055589385198,0.738669534814766,1.45630561210321,0.90625830485631,0.744839853360404,1.06466905093002,0.822754592167822,1.51598201718522,1.41143644659123,1.22693442167418,0.91188779250365,0.900292341054914,0.964398218977483,0.916308779338284,0.731970219174034,1.4479328542966,1.27040819977523,1.06021740750506,0.980209163716257,1.03650799909643,1.03655721019984,0.865759796402462,0.967638371790944,0.741625953220439,0.800132167136775,1.36412246984282,1.38591616481361,0.772008005740565,1.0430295558031,0.990356490360934,0.732570967054327,0.887654195189017,0.821272122500331,0.859838072536175,1.44327697048663,0.908871611315493,0.90374205011271,0.883516516911139,1.42161532409973,1.10735112794131,0.846445605025398,0.725016687107482,0.927390927113569,0.936585208359853,0.81247954785535
ABP2,inanimate18,1.1122617639813,0.473369007615613,1.1251624428627,1.34108230148964,0.97114583996093,0.883026877645295,0.944761464326091,1.21727872641859,1.28886947041549,1.43341797285215,0,1.13981935117398,1.15571665473044,0.990189692382288,0.839799525084915,1.14392190519873,1.33996807159223,0.453589119519031,1.05971375648401,1.08684679559966,0.952850394908231,1.11333210839438,0.379085736014609,0.602614443459087,0.646732393944025,1.0921292438307,0.935076866215346,0.984337492921363,0.767782603840655,1.4118282844606,0.512252939244381,0.713467194142689,0.831722204213836,0.807380545617865,1.05572442150924,1.05117330095084,0.980942645223281,1.10266159464292,1.23127555393846,1.22186395014943,0.765135658156248,0.608860011884582,1.43835638513084,0.905306788228976,0.987685522131282,1.22925173488966,1.02432580286412,1.24190935207104,1.16573617661491,0.500514699036542,1.24835160802353,0.948121556787452,0.91127301410281,0.646070804329616,1.03301946719626,0.943990836826467,1.34640653265771,1.02040766577255,1.28474891025188,0.93765192724472
ABP2,inanimate19,0.997694622775259,1.11378400504041,1.04024029658445,1.02425372575724,1.05727582793584,1.00075564355358,1.10859775934543,1.07015685394837,0.656687217612629,0.602504481295761,1.13981935117398,0,0.884049619640219,1.14081097345264,1.00274166914845,0.989037922238638,0.878641743449165,1.18946923881465,1.07126894777252,1.0735044172738,1.08455285130319,1.01694960805523,1.16931237984453,1.1886245699936,1.17331587140773,1.00443956685359,1.06268167568578,0.92278051456366,1.07336664251589,0.92832499992102,0.990319287093282,1.20831395176574,1.00833607518219,1.07390780559789,0.872110066957709,1.0153974047167,1.03417994844051,0.942211761836516,0.945184119707508,1.07844356005124,1.10281192897791,1.13657615238893,0.96804570423807,0.940956298887538,1.0967658599046,0.944200214982793,1.07169905105827,1.05244082664866,0.975266389716916,1.23255280671097,0.885202359646644,1.01825510471504,1.07732470452545,1.14736644945592,0.966538226078256,1.08249336693893,0.996309977044351,1.04332389226041,0.917305486085086,1.07004738097061
ABP2,inanimate2,1.13406396760318,1.02032951624683,1.14017247715296,0.845050298668672,1.13212044675414,1.16520162937281,1.18315876516552,0.963843479854491,0.932422291817561,1.03567128750227,1.15571665473044,0.884049619640219,0,0.955964792632474,0.968211774559791,0.956743505111974,0.818124118715936,1.17889524764712,1.1811211325049,1.21798256163041,0.878995766165723,0.93739840214395,1.1873217093429,1.14371995165016,1.02629870900438,0.907213992986948,1.26329764616889,1.05387435690563,1.17368706828105,0.967871848502626,1.13075916702981,1.17377303569367,1.0530353747468,1.08284805246926,0.912726127723064,0.902945884546828,1.26833585148244,0.975026688417589,0.976477200069962,0.897170785579441,0.9312341705196,1.21720810058258,0.911864714143764,1.07000264603269,1.08762278930499,1.08414137029041,1.11620326467263,1.04079859765793,0.96351921455411,1.15311058981741,0.872076974763197,1.23419742801717,1.22760813171317,1.03677348141549,0.934370342876768,1.18651358916232,0.840237147277747,1.16304535128888,0.908238904246475,1.19595008900537
ABP2,inanimate20,0.823557371314096,1.13913602269044,1.14501372929905,1.111885988081,0.998115359040111,0.835911205591341,0.998778255065763,0.854134632868383,1.1264333891369,1.18990107231123,0.990189692382288,1.14081097345264,0.955964792632474,0,0.818588644350739,0.956193642471936,1.38969970147067,0.690269849306185,1.08289168892119,0.840034765626541,0.91494804916021,1.18733901117473,0.905498055453684,0.83157023407322,0.974957298058654,0.887738450870728,0.901242290184843,0.950504256146639,0.769804397361881,1.09043371119728,0.988475763182874,0.874843544261346,0.990883907581383,0.81644819171305,1.02858644247408,1.17788292532026,0.826141203746847,1.16517956958744,1.08259246458619,1.01390428466733,1.05227656578544,0.753929860432512,1.099204970863,0.884754563192776,1.12231472436305,1.1642684684754,0.68107958073036,0.835657424448183,1.10881762022406,0.99371665890146,1.00458163086899,0.964779752224219,0.807531875179461,0.959238028247189,1.10048626815733,0.81571567738282,1.02479565813082,0.952163511622417,1.0284219509538,0.933829767769292
ABP2,inanimate21,0.837179311358592,0.970982880106371,1.05370286906773,1.08881367505337,0.960035187723549,0.902973178131022,1.07660468221526,0.962845193381078,1.01877610819542,1.17282098462437,0.839799525084915,1.00274166914845,0.968211774559791,0.818588644350739,0,1.14101185515079,1.18978566600941,0.675351227816041,1.13243759725033,1.04603407825834,1.06908035435394,1.01915887246494,0.717472315736828,0.825983332298892,0.931157469022924,0.854910221007624,1.15788673232422,1.03554158488188,0.912711776285176,1.17806895105785,0.898637869315855,0.978127662888194,0.980023465961312,1.01265683030217,1.00798732394856,0.997430486774161,1.15038987159912,1.06205023112341,1.06786312200279,1.1539664647112,1.0390764212546,0.708454518191009,1.24179250169959,0.864692408572071,0.988314908390499,1.08635633076558,0.822044066874924,0.99102079825899,0.918037495878469,0.870961702306756,0.949250214029061,1.02280769598008,0.903629302322211,1.06998272754689,1.06003803812212,1.02207372179996,1.19460235317713,1.04969116954364,1.14425848348181,1.0198273727657
ABP2,inanimate22,0.677411636496143,1.38488503803168,1.06336688488501,0.982206389152982,0.776376522973538,0.755382852874723,0.819356144215846,0.949810170014132,0.983548697850074,0.785055589385198,1.14392190519873,0.989037922238638,0.956743505111974,0.956193642471936,1.14101185515079,0,0.934515245704282,1.15354560183075,0.894599004978638,0.682976546317057,0.84088340655862,0.863866532482298,1.30870542851976,1.19500923236933,1.21797279280207,0.800211511538716,0.81491605393193,0.94584069585572,0.5633841880931,0.905484140849137,1.30318977905397,1.03617039315695,0.830008115631445,0.655923860884188,1.18223296381349,1.18697289914502,0.895977791871724,1.23931821743096,0.888123897266519,0.597769317907616,1.29984539044976,1.1558108696258,0.995287492994848,1.01776114074672,0.923512052607055,0.915477074456519,0.618113356631772,0.77029512701786,1.15269078466176,1.36436429301195,1.12227415175283,0.767442111892013,0.757885083084891,1.27145173939507,1.01066981963036,0.527639485826808,0.528343317332562,0.900813818771181,1.28779467352156,0.692580264710192
ABP2,inanimate23,1.07304049933577,1.16361810689215,0.889648354696665,0.667264678987724,0.904360471290795,1.26607068560557,1.06773740561931,0.959636484151049,0.636684902505286,0.738669534814766,1.33996807159223,0.878641743449165,0.818124118715936,1.38969970147067,1.18978566600941,0.934515245704282,0,1.59238969948793,0.989571769295359,1.07744593579557,1.03958215305781,0.635618086495871,1.4304581123095,1.44568833031907,1.2759006185282,1.08145007885029,1.28704323254733,1.03582850353921,1.27034753090416,0.795630887851422,1.3101922077424,1.24799563347763,1.00319874797901,1.21043242818628,1.051235614263,0.74976735768578,1.3140366803238,0.910051089562003,0.758038972278794,0.739330420915096,1.01942394493629,1.46648699780471,0.78486575204307,1.32859661804995,0.979388418587612,0.705974237907236,1.25660051953293,1.14807851234093,0.834027181762948,1.26056310000228,1.01139067789379,1.09371848700372,1.33004480928223,1.16803790775987,0.726491791160719,1.16978755993194,0.691312182305186,1.11605921390488,0.964245822301705,0.985705474291281
ABP2,inanimate24,0.956139915845474,0.660659448839698,1.11537962295534,1.33761372891907,0.995166939849312,0.816500549550457,0.927167157358862,1.0924245299814,1.33952244240165,1.45630561210321,0.453589119519031,1.18946923881465,1.17889524764712,0.690269849306185,0.675351227816041,1.15354560183075,1.59238969948793,0,1.06654138310021,0.934583081802973,0.994234275439054,1.22548228880822,0.364153738106745,0.599993565492895,0.699694650853343,0.979385078722232,0.826012331875404,1.01625581021402,0.70849997677568,1.43277760900329,0.549851797589767,0.698872874595182,0.968730044195127,0.79489903283334,1.06066258947773,1.14125850649384,0.807383348216492,1.12492561234941,1.31659311669644,1.25890173006733,0.883785748461288,0.397138081638107,1.44981224988391,0.819698719800867,0.980798667285302,1.38350062542258,0.770085596862,1.07769764643334,1.22828172452334,0.543438881031718,1.16632449725145,0.88121473847384,0.709389448844506,0.727790929312797,1.1268382162726,0.929498577509484,1.32422765371851,0.912084745233484,1.25309319839881,0.801900627816029
ABP2,inanimate25,0.814552690215442,1.2008044684567,0.865320177391564,0.962435767694303,0.915959133437525,0.892746626353283,0.782871515726151,0.884564166602805,1.00591766350703,0.90625830485631,1.05971375648401,1.07126894777252,1.1811211325049,1.08289168892119,1.13243759725033,0.894599004978638,0.989571769295359,1.06654138310021,0,0.814402432137296,1.07322736907098,0.937038446137998,1.06680721745195,0.968979217067678,1.12304813937572,1.14568329141804,0.83132839867925,0.96243485959523,0.847186389576448,0.891966122607516,1.04376511592212,1.0058349937962,0.937838492470277,0.919590683196754,1.19057670711667,1.12974228141655,0.759455981409347,1.01913613913666,0.84558440748074,0.965103004790972,1.21215467893172,0.944756649409968,1.05243689847678,1.04476485722127,0.821750199967484,0.974437168427208,0.828932407692416,0.875286076674632,0.911118600122949,1.06243609436976,1.03251907892572,0.82570062178207,0.878755086776948,1.12556251749803,0.968363306330644,0.814435662498253,0.971833027536699,0.856811873346061,1.03302501881666,0.877477178862561
ABP2,inanimate26,0.384146031788653,1.3569590331621,0.885507103646443,1.08526043573161,0.70266041656812,0.494986045608336,0.647032371997042,0.863847440078785,0.88697723801839,0.744839853360404,1.08684679559966,1.0735044172738,1.21798256163041,0.840034765626541,1.04603407825834,0.682976546317057,1.07744593579557,0.934583081802973,0.814402432137296,0,0.941778260563392,0.611017446574288,1.10433674716375,1.17763958722001,1.29349257137285,0.799984699844236,0.515093120379945,0.836360554570503,0.452122449800911,1.04770472211385,1.26844876953773,0.949696075982485,0.974651268202463,0.510174755556788,1.36377225299083,1.18093783568409,0.567346650314327,1.23030950622672,0.750856650145917,0.727474971932985,1.41756822127177,0.90574325171481,1.2171699067677,1.00357914577394,0.839832975343978,0.890906194728887,0.578714620437525,0.833820748194876,0.97541565243002,1.17042790841388,1.20390382123782,0.63832557593516,0.513492564941035,1.15943913992273,1.26916040280208,0.577962719564741,0.703427995032477,0.806163628248654,1.39316889834173,0.478454538682577
ABP2,inanimate27,0.954177406663983,0.978799644044286,1.09307602326199,1.12992429947372,0.974233802001475,0.885825945210998,0.881751567977503,1.17549748286815,1.11160410997128,1.06466905093002,0.952850394908231,1.08455285130319,0.878995766165723,0.91494804916021,1.06908035435394,0.84088340655862,1.03958215305781,0.994234275439054,1.07322736907098,0.941778260563392,0,0.971713065077192,1.00737943260371,0.951321317264815,0.990115071841218,1.05604557007693,0.980567726171698,0.99959186651233,0.860753286897219,1.01521107179579,1.00957022661383,0.73011232483178,0.890312192889658,0.740191399106892,1.12810624990821,1.12559050605912,1.06104902425287,1.10658662615742,0.99560931199288,1.0251187565798,0.997402549775352,0.937723875367477,1.13942592284093,1.15950180246518,0.7088633876486,0.936022776409011,0.923015840502958,1.03154536428284,1.14641450935675,0.991109269216249,1.17129481064871,0.983800607598301,1.09415768817844,0.7552016697846,0.992231686874206,0.687165853826631,0.959715481744969,1.18866785395359,1.2992523637478,1.05318420086897
ABP2,inanimate28,0.808921336488471,1.08286785181603,0.951927718984691,0.824184993859137,0.817323831501315,0.84781485681994,0.911673439811764,1.03517600392343,0.852541312542013,0.822754592167822,1.11333210839438,1.01694960805523,0.93739840214395,1.18733901117473,1.01915887246494,0.863866532482298,0.63561808649587,1.22548228880822,0.937038446137998,0.611017446574288,0.971713065077192,0,1.13566867493229,1.30622631627219,1.22532788729822,0.959605469749509,0.972826400632258,0.916056963756642,0.892783910414368,1.01272435944265,1.1788693563465,1.09116550347495,0.884351744856062,0.853865129773703,1.25367607943361,0.945756349981298,1.08270481871529,0.961638854907083,0.698624955973072,0.747598856135201,1.10951610799367,1.18937003596754,1.18262395909341,1.16652024441103,0.863708493124604,0.849176489283977,1.10290441949917,1.15506126248217,0.956753108249728,1.06351846986662,1.30946181495101,0.968676282090689,0.959658130150818,1.04534800412036,1.04814372915182,0.918044008957603,0.71446967172395,0.896714161199101,1.33088138999087,0.814285870552569
ABP2,inanimate29,1.07278179701265,0.389555324278255,1.16162776251374,1.26544967513352,1.03558538218001,0.836927194961164,1.01088096353377,1.2223624135011,1.3560217072723,1.51598201718522,0.379085736014609,1.16931237984453,1.1873217093429,0.905498055453684,0.717472315736828,1.30870542851976,1.4304581123095,0.364153738106745,1.06680721745195,1.10433674716375,1.00737943260371,1.13566867493229,0,0.472340038564924,0.61373879572372,1.08816160203507,0.982407031024948,0.954920655787558,0.924131340972087,1.41481059638767,0.447152528339571,0.690499916138366,0.934538886051058,0.931497077504652,0.965589407892136,1.05554317602938,0.993112453743217,0.992872211340225,1.33186839974844,1.33769916927683,0.743543445697261,0.495281451819528,1.45420274473175,0.865835069748365,1.01089704799013,1.28522379135646,1.04641442122142,1.20885041223998,1.1383648946084,0.368850880194188,1.18483290705662,0.974396627251232,0.912049552351701,0.59076729883771,1.09224314776431,1.09146632666896,1.42373489068147,0.941552149586953,1.23685636959111,1.02593702459019
ABP2,inanimate3,1.15574754774092,0.652989917590058,1.09824218364056,1.21844222712015,1.1495573530453,0.972261196079555,0.965530644569327,1.07869462882317,1.33218796363955,1.41143644659123,0.602614443459087,1.1886245699936,1.14371995165016,0.83157023407322,0.825983332298892,1.19500923236933,1.44568833031907,0.599993565492895,0.968979217067678,1.17763958722001,0.951321317264815,1.30622631627219,0.472340038564924,0,0.676031573528751,1.06724391526534,0.9778365148863,0.963335747409744,1.06211377821943,1.23350990715002,0.73501170606285,0.851380751228308,0.837552011292347,0.975585234789652,0.906494443781873,1.0953679438238,1.01104411954375,0.960137130966685,1.21487506464752,1.30261384191789,0.833802639534053,0.62798003685588,1.21742882179367,0.863827603566734,1.01648149539286,1.31088705100405,0.971362393110631,1.08223755410649,1.18332085365845,0.583268371928999,1.05635382999301,1.00704029017708,1.0757424172146,0.787897777460891,1.01837164291505,1.08592980094032,1.48273081345378,0.975554975722627,1.01154242744242,1.21738340099244
ABP2,inanimate30,1.24965921990554,0.522823427287629,1.1765000402744,1.18889091464391,1.15484390439935,1.0553037554906,1.15290098277835,1.21603895722978,1.36582281858985,1.22693442167418,0.646732393944025,1.17331587140773,1.02629870900438,0.974957298058654,0.931157469022924,1.21797279280207,1.2759006185282,0.699694650853343,1.12304813937572,1.29349257137285,0.990115071841218,1.22532788729822,0.61373879572372,0.676031573528751,0,1.12956000272788,1.09041756781968,1.04818930158212,1.05462362122328,1.20273641049245,0.743604129722892,0.903118408096301,1.00832076923427,1.08936806953695,0.866580329091076,1.02264802085312,1.10768950021844,0.922086043544868,1.25280833064823,1.21510894393999,0.800936998822863,0.847602916527622,1.11398158695976,0.846444622801171,1.08762995201812,1.23592083482203,1.12299492687763,1.17511272084433,1.13163142472771,0.587394094310719,1.1006175622336,1.17570304714154,1.00881764499439,0.813351043852387,1.06569664937224,1.17431742981969,1.28128346813431,1.01482590781324,0.977418831176692,1.14378512461428
ABP2,inanimate31,0.761791228940317,1.23907870955035,1.0769005658013,0.922802198898486,0.962835825664774,0.820601487960067,1.0564420143566,0.722052074851078,0.99030675744533,0.91188779250365,1.0921292438307,1.00443956685359,0.907213992986948,0.887738450870728,0.854910221007624,0.800211511538716,1.08145007885029,0.979385078722232,1.14568329141804,0.799984699844236,1.05604557007693,0.959605469749509,1.08816160203507,1.06724391526534,1.12956000272788,0,0.875690012001217,0.990589464887734,0.840996472494373,1.02674278624535,1.20057772160479,1.10344953943218,1.03749509241705,0.942705017396126,0.971738676907975,1.02030695056784,0.889895047353613,1.08333617368261,0.965611407835196,0.78567677459593,1.24131142121155,0.99480090473778,0.982733542505716,0.895209033541183,1.04287847696995,1.11160280971887,0.756197518809397,0.787893770495837,0.980246244766835,1.17514530029016,0.885396903317828,1.01140688941324,0.82959521041476,1.25009659817854,1.16445962539645,0.925110594151235,0.783020896145527,0.954273770149115,0.977027455426701,0.8644586727755
ABP2,inanimate32,0.680791174135081,1.17521615456544,0.887138743846452,1.15824644117288,0.832620151567461,0.646850443310476,0.61036614121193,0.926199687138211,1.1388871261915,0.900292341054914,0.935076866215346,1.06268167568578,1.26329764616889,0.901242290184843,1.15788673232422,0.81491605393193,1.28704323254733,0.826012331875404,0.83132839867925,0.515093120379945,0.980567726171698,0.972826400632258,0.982407031024948,0.9778365148863,1.09041756781968,0.875690012001217,0,0.877105904053759,0.617120477993151,1.03707729159463,1.03471898004029,0.917480426218115,1.03800480404404,0.657129693091633,1.23152836537668,1.18889009241657,0.534122603260236,1.1902750703192,0.962086179898449,0.774248707576095,1.21196006938264,0.80727994762987,1.15184988195172,0.94094920439731,0.937333842430477,0.901463467329355,0.723976018583292,0.842919635487174,1.04527398968528,1.0569014290351,1.08194152903056,0.829493331960989,0.637099198091061,0.978544985028038,1.31614372778091,0.733345063647607,0.90263727925977,0.901431597445475,1.1767773718753,0.692421019155092
ABP2,inanimate33,0.747283253121764,0.994931836562517,1.08730874813959,0.949841144924085,0.919939003506568,0.662430777511113,0.856530927775004,0.984933322015151,1.0050997909789,0.964398218977483,0.984337492921363,0.92278051456366,1.05387435690563,0.950504256146639,1.03554158488188,0.94584069585572,1.03582850353921,1.01625581021402,0.96243485959523,0.836360554570503,0.99959186651233,0.916056963756642,0.954920655787558,0.963335747409744,1.04818930158212,0.990589464887734,0.877105904053759,0,0.898568693823809,1.08703403721735,1.08616104608745,0.951206269044506,0.939881663732572,0.8435498681965,1.03732870258578,1.15921741886792,0.89062555340384,1.0416351606574,1.06053073728851,0.917434498694802,1.04869444524865,1.04797809436511,1.06397499816844,1.12899872949711,1.08867822159082,0.912282244695722,0.921777265270936,1.06040712429232,1.12029068807813,1.00315500044395,1.04556770637479,0.971695481499169,0.910682671009556,0.952404412467043,1.1432723783611,0.916909918288627,0.989374076471412,0.888677470466443,1.1134365443486,0.945226685730046
ABP2,inanimate34,0.405535040512591,1.17948745747209,1.20462869828815,1.24314306532918,0.640175318075297,0.458347618495665,0.665081871421738,1.01986869482553,1.09185092947992,0.916308779338284,0.767782603840655,1.07336664251589,1.17368706828105,0.769804397361881,0.912711776285176,0.5633841880931,1.27034753090416,0.70849997677568,0.847186389576448,0.452122449800911,0.860753286897219,0.892783910414368,0.924131340972087,1.06211377821943,1.05462362122328,0.840996472494373,0.617120477993151,0.898568693823809,0,1.22582251024853,0.991149614055573,0.760645171592331,0.928367946778863,0.43609084759565,1.28088852632047,1.47670793106016,0.602189156223585,1.33752272123961,1.00828052188097,0.777775863438518,1.28761132389569,0.766771691697544,1.34563451589455,0.822491507580138,0.855459077342283,0.91452638424985,0.441214280305449,0.882450897043828,1.19093809138694,1.10367107112094,1.23200068922385,0.616865459523128,0.401970354083606,1.06349413477769,1.1737518330213,0.339478530919335,0.681942989641004,0.924184414984868,1.49739026575651,0.394625499315627
ABP2,inanimate35,1.06693347363772,1.37063810076612,0.765337924947718,0.781144260840194,0.980083351414783,1.12269216823396,0.985914092379436,0.886420033951854,0.820847814598012,0.731970219174034,1.4118282844606,0.92832499992102,0.967871848502626,1.09043371119728,1.17806895105785,0.905484140849137,0.795630887851422,1.43277760900329,0.891966122607516,1.04770472211385,1.01521107179579,1.01272435944265,1.41481059638767,1.23350990715002,1.20273641049245,1.02674278624535,1.03707729159463,1.08703403721735,1.22582251024853,0,1.27803264824301,1.13804423269154,1.05396579139266,1.13593287492839,0.978112935657818,0.87548563311124,1.07590350889393,0.964651264252285,0.677059065082474,0.8793773390794,1.12072543206173,1.21956578962627,0.674981825002087,1.02480022054782,1.04201112217054,0.770554881895142,1.07431261591484,0.868222645690449,0.834121524825895,1.35592377687262,0.885112279586639,1.04654233818679,1.15154853752256,1.18994875101647,0.90416256141348,0.980666711033994,0.840844544869037,1.04907116340601,0.733316004006971,1.1297943446991
ABP2,inanimate36,1.22253487610261,0.48570031756796,1.08073892570122,1.20544342701078,1.14479923391077,0.967133276715178,1.05814308499317,1.29539917463665,1.27132540853113,1.4479328542966,0.51225293924438,0.990319287093282,1.13075916702981,0.988475763182874,0.898637869315855,1.30318977905397,1.3101922077424,0.549851797589767,1.04376511592212,1.26844876953773,1.00957022661383,1.1788693563465,0.447152528339571,0.73501170606285,0.743604129722892,1.20057772160479,1.03471898004029,1.08616104608745,0.991149614055573,1.27803264824301,0,0.633031115163639,0.990461564248818,0.987680105184686,0.894570967410964,1.00963128962187,1.01843497312929,0.949691629054774,1.28820583668772,1.32559467486411,0.614079287523425,0.514925489781601,1.35000978626191,0.807004127430817,1.01692658530613,1.12179393108681,1.23438511024489,1.32022890998051,1.11631890508486,0.529419682745767,1.20543539012262,1.06801797891985,0.994467516769429,0.455113073699547,0.952504641009906,1.07128078033253,1.36140930531658,1.05273856475925,1.11914540600084,1.11432352804243
ABP2,inanimate37,0.96364780606859,0.80265585087555,1.00469882529906,1.27354875561313,0.933463983002222,0.843630946508675,0.854601308414691,1.27268271468638,1.28645989737939,1.27040819977523,0.713467194142689,1.20831395176574,1.17377303569367,0.874843544261346,0.978127662888194,1.03617039315695,1.24799563347763,0.698872874595182,1.0058349937962,0.949696075982485,0.73011232483178,1.09116550347495,0.690499916138366,0.851380751228308,0.903118408096301,1.10344953943218,0.917480426218115,0.951206269044506,0.760645171592331,1.13804423269154,0.633031115163639,0,0.924082254748863,0.788071347183455,1.07339504190727,1.10352965186103,0.92669630927704,1.0701717130164,1.25669665323197,1.07414044309802,0.721124146828439,0.657361665571227,1.25599517401274,0.974518605856151,0.787149849479833,0.920425042638423,0.885214192417852,1.14501038400551,1.19846379011778,0.784687885357916,1.19330366642601,0.842260577159395,0.856878030399177,0.599165429685847,1.04740100377311,0.671264915631831,1.14380537490594,1.04562968145584,1.32413026930248,0.911252044882732
ABP2,inanimate38,0.986823936139011,0.972129757029612,1.03485930519413,1.02635182534197,0.934582275559087,0.913779812123893,0.901476258714332,1.0873762930722,1.0466211133694,1.06021740750506,0.831722204213836,1.00833607518219,1.0530353747468,0.990883907581383,0.980023465961312,0.830008115631445,1.00319874797901,0.968730044195127,0.937838492470277,0.974651268202463,0.890312192889658,0.884351744856062,0.934538886051058,0.837552011292347,1.00832076923427,1.03749509241705,1.03800480404404,0.939881663732572,0.928367946778862,1.05396579139266,0.990461564248818,0.924082254748863,0,0.830036319856253,1.08925338738814,1.05478276162223,1.12573899297225,1.00634601403017,0.97098004464613,0.96774587634079,0.930681868093847,1.00054806723025,1.09452314750732,1.12981859430756,0.970508571936741,1.05741811272353,0.969768970664505,1.06938765269362,1.07730728328565,0.952342778886911,1.14188721989577,0.975793487268294,1.17504075672384,0.941216469296885,0.948580222165634,0.900575075128408,1.05562951436415,1.04501767012519,1.20416998261927,1.05034317606958
ABP2,inanimate39,0.573263268923284,1.07338619337774,1.02808200197831,1.16464984852477,0.759545045438338,0.506362968500386,0.645582696096998,1.12720381547459,1.05118288919116,0.980209163716257,0.807380545617865,1.07390780559789,1.08284805246926,0.81644819171305,1.01265683030217,0.655923860884188,1.21043242818628,0.79489903283334,0.919590683196754,0.510174755556788,0.740191399106892,0.853865129773703,0.931497077504652,0.975585234789652,1.08936806953695,0.942705017396126,0.657129693091633,0.8435498681965,0.43609084759565,1.13593287492839,0.987680105184686,0.788071347183455,0.830036319856253,0,1.24137276731006,1.33123312263721,0.694613181698631,1.23379778918071,0.966855557796578,0.856280674130237,1.17764157424327,0.770184831734693,1.30002817565853,0.961072101220041,0.855886941053174,0.936691294539671,0.566790713861672,0.978441923443604,1.19452526148223,1.04525425713517,1.21256602938506,0.586267831319042,0.646561282002554,0.884997417252131,1.23213374021912,0.508637245824037,0.824262093034191,1.03022957759547,1.53815209502153,0.671924084825078
ABP2,inanimate4,1.29745236689069,0.907431399837227,1.10555491778889,0.979913072670125,1.20425203812192,1.19521300249155,1.32898425717954,1.06733474865583,1.07244675733354,1.03650799909643,1.05572442150924,0.872110066957709,0.912726127723064,1.02858644247408,1.00798732394856,1.18223296381349,1.051235614263,1.06066258947773,1.19057670711667,1.36377225299083,1.12810624990821,1.25367607943361,0.965589407892136,0.906494443781873,0.866580329091076,0.971738676907975,1.23152836537668,1.03732870258578,1.28088852632047,0.978112935657818,0.894570967410964,1.07339504190727,1.08925338738814,1.24137276731006,0,1.04197526392893,1.07031296088065,0.803747024143113,1.12079584396289,1.17003319124091,0.902241343747543,1.11839892320131,0.744021428583454,0.93799615025215,1.23707239153235,1.11128632906233,1.09943288591218,0.96156417593606,1.09676363339373,1.01109775576201,0.635717288594475,1.04043511558114,1.22689615398489,0.95051493529498,1.05495048025887,1.20909619298168,1.15682267060835,1.07729496268685,0.6660996707888,1.30159874960909
ABP2,inanimate40,1.33468297563629,0.943492439229003,0.648954220742186,0.86865351806627,1.11156270212911,1.38489072847973,1.18039218359575,0.950108523430228,0.904175675641725,1.03655721019984,1.05117330095084,1.0153974047167,0.902945884546828,1.17788292532026,0.997430486774161,1.18697289914502,0.74976735768578,1.14125850649384,1.12974228141655,1.18093783568409,1.12559050605912,0.945756349981298,1.05554317602938,1.0953679438238,1.02264802085312,1.02030695056784,1.18889009241657,1.15921741886792,1.47670793106016,0.87548563311124,1.00963128962187,1.10352965186103,1.05478276162223,1.33123312263721,1.04197526392893,0,1.32600593252175,0.938991669768503,1.00274933628531,1.0753163174034,0.833383432910583,1.08717815398497,0.88714923345552,1.2102054174332,0.987899570544492,0.99061084824531,1.32336334613009,1.07769547930949,0.720523156554021,0.943449528808446,1.04708888702225,1.22968436889208,1.32811392497726,0.957637735150174,0.842718259415726,1.36755450956707,1.09948091343476,0.950048785203363,0.849617025261723,1.23195675889409
ABP2,inanimate41,0.700958258304925,1.17440389164412,0.882061631234688,1.13626731480423,0.862030905301856,0.714426700217047,0.801080957953358,0.904151803889727,1.08611213847219,0.865759796402462,0.980942645223281,1.03417994844051,1.26833585148244,0.826141203746847,1.15038987159912,0.895977791871724,1.3140366803238,0.807383348216492,0.759455981409347,0.567346650314327,1.06104902425287,1.08270481871529,0.993112453743217,1.01104411954375,1.10768950021844,0.889895047353613,0.534122603260236,0.89062555340384,0.602189156223586,1.07590350889393,1.01843497312929,0.92669630927704,1.12573899297225,0.694613181698631,1.07031296088065,1.32600593252175,0,1.16495202122634,0.979552861846177,0.96869564835955,1.31984782344736,0.815816476099227,1.11302193961253,0.818707484803329,1.01300116784981,1.03436773722811,0.650893170280725,0.806962744547112,1.02576429891931,1.1241533407804,0.957398419999287,0.748823636355676,0.560341813474365,1.07777925422853,1.31429709808983,0.658158756619999,0.906598111307155,0.863164447884746,1.03347595080415,0.711020156150096
